# north(m)                 east(m)                   ele(m)               Bouguer gravity (mGal)
0	0	851.715772874755	-0.616625434062855
1000	0	858.719908432947	-1.57382873974962
2000	0	880.482969188853	-3.08554569588276
3000	0	903.181854372681	-6.35770743543877
4000	0	925.741434720578	-9.82507571231504
5000	0	948.161710232543	-10.7441526364951
6000	0	970.442680908577	-10.7740516097134
7000	0	989.138108756964	-9.86419498784316
8000	0	1003.45696057399	-9.04181512746915
9000	0	1018.10288314223	-8.94466804549848
10000	0	1033.07587646167	-9.36215657755063
11000	0	1048.37594053231	-10.1812241988311
12000	0	1064.00307535416	-11.4055108269703
13000	0	1079.95728092721	-12.4566896273026
14000	0	1096.23855725146	-12.8120274989435
15000	0	1117.76791638762	-12.9508735686690
16000	0	1145.11325513696	-13.5900374627223
17000	0	1172.50091735068	-14.5056159574535
18000	0	1199.93090302880	-15.1753852546893
19000	0	1227.40321217130	-16.2250350220285
20000	0	1254.91784477818	-16.2021102182759
21000	0	1282.47480084946	-16.1477531065784
22000	0	1310.07408038512	-15.9488268049862
23000	0	1334.08024068726	-15.8811140564128
24000	0	1354.72329788647	-16.5527532361509
25000	0	1375.51005308345	-16.9313792347013
26000	0	1396.44050627821	-14.0104269396205
27000	0	1417.51465747074	-10.2479358186090
28000	0	1438.73250666104	-7.39700307061031
29000	0	1460.09405384911	-6.30366482650012
30000	0	1481.59929903496	-4.40966672998414
31000	0	1503.24824221858	-1.08957055009913
32000	0	1525.04088339998	1.54528034188409
33000	0	1546.97722257915	3.40759609329445
34000	0	1569.05725975609	5.53452385033347
35000	0	1591.28099493081	6.88623935675642
0	1000	825.458780381541	4.97202001517735
1000	1000	841.668809181639	1.22804189558748
2000	1000	848.560955107681	-0.138723471547628
3000	1000	850.878126473803	-3.36136564208724
4000	1000	851.091839380009	-8.36211180342734
5000	1000	932.665900881162	-10.2069976460647
6000	1000	948.341625289602	-10.8018492183630
7000	1000	907.433594641390	-9.78656555216177
8000	1000	945.191690232023	-9.20677779742780
9000	1000	943.070382377785	-8.92774869638667
10000	1000	975.849963541485	-8.85875512411399
11000	1000	969.238231661450	-9.19245951114529
12000	1000	1032.83039166913	-9.99654013232527
13000	1000	1087.29310968218	-11.2889588942550
14000	1000	1112.56926101778	-12.0261835054365
15000	1000	1168.57099300027	-12.1635528788054
16000	1000	1220.84893032489	-12.2164811921256
17000	1000	1199.06043323904	-12.3468950500989
18000	1000	1246.29509958626	-12.7861015947450
19000	1000	1198.30959530736	-13.2065324681844
20000	1000	1192.69997646527	-13.1946564225590
21000	1000	1317.79868683398	-13.3822130712436
22000	1000	1345.86172194989	-13.5400742186492
23000	1000	1345.27651659857	-13.5615999681320
24000	1000	1287.37902044449	-13.7932645016434
25000	1000	1274.99347998046	-12.8177741865417
26000	1000	1340.27004251000	-8.56005764010672
27000	1000	1414.43412972162	-2.39688536111226
28000	1000	1380.07393481366	4.26229644088670
29000	1000	1486.14054640817	7.24076242841702
30000	1000	1524.93359086546	8.13257276327104
31000	1000	1516.50121398888	8.47923105056345
32000	1000	1476.43222930823	9.20065935972133
33000	1000	1384.80737787579	9.76891799681922
34000	1000	1385.25350024609	10.3098421371327
35000	1000	1458.42452681758	10.9532284887838
0	2000	830.337359339065	9.38351469252873
1000	2000	826.598728847920	2.84511100630176
2000	2000	828.389072181395	0.472756475287606
3000	2000	832.110991237182	-2.04113861760484
4000	2000	835.699910665049	-7.04180370203794
5000	2000	853.543922300830	-9.43666983139613
6000	2000	874.115005282523	-10.1885515604298
7000	2000	879.421207449125	-10.2904358030147
8000	2000	890.549174028778	-9.90726678934179
9000	2000	916.695778584202	-9.49313674512238
10000	2000	953.785192363691	-9.06520444860753
11000	2000	993.096577273043	-8.96425594412522
12000	2000	1007.34774955502	-9.41423329130678
13000	2000	1017.32382925746	-10.8027577211879
14000	2000	1071.99552637917	-11.8888206067544
15000	2000	1151.17477660769	-12.6017123065089
16000	2000	1181.30340358051	-12.3182649822668
17000	2000	1160.15823456924	-11.3841055035430
18000	2000	1161.83261715652	-10.9710121596406
19000	2000	1131.83398594669	-11.7775787941735
20000	2000	1246.13987491780	-12.2147927202347
21000	2000	1264.28513616072	-12.5479536042809
22000	2000	1310.51983373633	-13.0666591172241
23000	2000	1292.36398817336	-12.3999756300630
24000	2000	1258.81360379492	-10.7653984708960
25000	2000	1202.41659479232	-7.09879852367632
26000	2000	1258.34179540422	-1.84717277062035
27000	2000	1322.55659719265	5.61562610513452
28000	2000	1309.85835136616	14.4315155373151
29000	2000	1333.82301948247	16.0110640328640
30000	2000	1376.90290996919	15.4127738638733
31000	2000	1350.72027630448	13.7517302510703
32000	2000	1415.28043349182	13.7520995250147
33000	2000	1352.10196010683	14.5545539310166
34000	2000	1377.27400681983	13.6920739860801
35000	2000	1402.68265492690	13.8358387677967
0	3000	835.212168867817	11.7912572338511
1000	3000	825.953070170370	4.36052530811937
2000	3000	828.259463344019	0.965824522348725
3000	3000	829.931170410007	-1.71591281925101
4000	3000	831.587065600273	-5.91449486843445
5000	3000	834.690326695172	-8.83546899646190
6000	3000	834.242726510833	-9.89948249690931
7000	3000	837.429586740324	-10.2062893979878
8000	3000	848.802672509246	-10.2068086112160
9000	3000	852.286870359823	-10.0448822434936
10000	3000	881.798193984070	-9.39405799638238
11000	3000	908.773267029576	-8.91239058111129
12000	3000	929.929875071935	-8.95729583004670
13000	3000	970.578808025575	-10.1353207580314
14000	3000	1069.31615237760	-11.1133615717804
15000	3000	1123.24618846535	-12.1061158773835
16000	3000	1132.17713793902	-12.1590294245321
17000	3000	1155.79517449514	-11.1514933052420
18000	3000	1087.43295977819	-10.2224488340241
19000	3000	1189.45755117741	-10.9026277616822
20000	3000	1215.45842952204	-11.3917057510197
21000	3000	1254.74280673415	-11.9897597339137
22000	3000	1271.24309831262	-12.9793218483644
23000	3000	1271.60779254944	-12.1935746060066
24000	3000	1233.77417691404	-9.05112589022761
25000	3000	1163.76044033758	-1.34308819638859
26000	3000	1263.42995905012	5.82429241345038
27000	3000	1281.06515867927	13.7968915168813
28000	3000	1261.96651812041	18.5917477405955
29000	3000	1254.39608209020	18.3773893302681
30000	3000	1284.68716508808	18.0462199224477
31000	3000	1317.51787706447	18.2375138215870
32000	3000	1292.99681537314	17.6955182756635
33000	3000	1279.10019738653	17.4924874503729
34000	3000	1357.67134905820	17.4375258625171
35000	3000	1391.61232259040	16.4684033428563
0	4000	840.083208967799	10.5444827694237
1000	4000	827.081940468496	5.37098455161151
2000	4000	837.347307074476	1.50110373381602
3000	4000	838.640905080542	-1.30609496039136
4000	4000	831.171760691628	-4.51857783176038
5000	4000	833.218726337224	-7.68452936815418
6000	4000	834.905639604839	-9.73014995770500
7000	4000	837.250114571840	-10.3865974148258
8000	4000	839.898848848089	-10.5958156749944
9000	4000	841.430643067962	-10.8732238404116
10000	4000	845.447259371299	-10.5526860013740
11000	4000	848.880148454641	-10.0482162570307
12000	4000	906.417959592712	-9.93867940058083
13000	4000	963.884080658301	-9.99326372470438
14000	4000	1009.47994884483	-10.2368140776921
15000	4000	1036.93029626784	-10.7606165891629
16000	4000	1101.30195509491	-11.7360096492910
17000	4000	1102.52661533283	-11.8836739475344
18000	4000	1077.28042373834	-11.0924479220792
19000	4000	1132.81559813301	-9.75695253013982
20000	4000	1156.74313187856	-8.96340868303111
21000	4000	1207.69141638703	-9.14951476351949
22000	4000	1232.95662202768	-11.2581683113916
23000	4000	1207.70895701762	-11.0841334013014
24000	4000	1208.61621480144	-8.29150744026351
25000	4000	1137.17966809252	2.05484879673864
26000	4000	1203.81514846128	12.5247542551134
27000	4000	1222.37892506103	20.4597365744542
28000	4000	1214.99403213200	20.9723082591499
29000	4000	1208.38423355724	19.0388438590871
30000	4000	1249.07041970236	19.2541153434627
31000	4000	1277.16159100713	20.2494544704955
32000	4000	1256.92841904986	20.1746285068852
33000	4000	1262.90997900106	20.0530072093250
34000	4000	1268.92485045268	19.7450517927471
35000	4000	1253.16428891285	19.3731522367048
0	5000	844.950479639009	9.27862529456575
1000	5000	847.563956777636	6.41544858555439
2000	5000	849.224059409881	3.27708218410355
3000	5000	848.813801718343	-0.0498386105245249
4000	5000	850.165834714160	-2.91303166342283
5000	5000	850.741732721194	-6.29068150421286
6000	5000	850.718929054045	-8.87840258801057
7000	5000	851.414984340109	-9.80582544041684
8000	5000	851.315566398928	-10.4891669793795
9000	5000	845.687190055903	-11.1136377077691
10000	5000	846.720935373115	-11.4738926550021
11000	5000	843.739506127086	-11.1200071047212
12000	5000	844.917891535931	-10.7284488630092
13000	5000	881.287990191788	-10.6410762584550
14000	5000	954.546565669615	-10.8769464469606
15000	5000	1015.71141720144	-10.7291268820600
16000	5000	1030.12938759044	-11.0048216161021
17000	5000	1024.75395187347	-11.4806450664522
18000	5000	1044.89537674621	-11.0355188632880
19000	5000	1121.75535604840	-8.85898951437128
20000	5000	1160.55956270334	-7.24576530943485
21000	5000	1173.76637088234	-6.61094375968893
22000	5000	1182.31090095707	-8.33754165998276
23000	5000	1177.33594757267	-8.41766192370448
24000	5000	1144.06353044545	-6.62231340373325
25000	5000	1106.54474036994	2.58148324545277
26000	5000	1165.14418084319	13.5500204386476
27000	5000	1168.09537276423	20.0696994181960
28000	5000	1168.33054279429	18.9529069966442
29000	5000	1192.39124652736	18.6614657303589
30000	5000	1225.06321055994	20.2514539996727
31000	5000	1234.79177779567	21.1973027495087
32000	5000	1224.91707502557	21.3213553157460
33000	5000	1231.63547337536	21.2755274327751
34000	5000	1239.72335411185	20.9946324462430
35000	5000	1238.11532005152	20.7505957607720
0	6000	849.813980881448	8.98373560863987
1000	6000	850.220842357461	8.30469861739215
2000	6000	854.483355332875	6.62636169506092
3000	6000	850.923822441362	2.99169315895187
4000	6000	854.970091991588	-1.13554199992186
5000	6000	857.072562756034	-4.74880843162052
6000	6000	856.058143654982	-6.70317174716702
7000	6000	855.798761496419	-8.19966174513546
8000	6000	856.255380651046	-9.24178626173729
9000	6000	849.639810245919	-10.6900124655551
10000	6000	850.432459533351	-11.9409855624112
11000	6000	847.915943958869	-12.2935604684958
12000	6000	847.019535241098	-12.0681383779086
13000	6000	846.991170347176	-11.8903128241004
14000	6000	926.817794496594	-12.1057549707719
15000	6000	967.123567569697	-11.5820704260229
16000	6000	977.804312659646	-10.9007511380579
17000	6000	1006.86748698564	-11.0302447566360
18000	6000	1063.75303885609	-11.1512377610351
19000	6000	1054.78938705731	-9.38477710501764
20000	6000	1121.64670717498	-7.76948016676087
21000	6000	1138.36794145978	-6.04865896426148
22000	6000	1145.49832156719	-6.01324396844044
23000	6000	1140.39573795484	-6.46396742842317
24000	6000	1106.96979363543	-5.73759185107293
25000	6000	1081.79256287571	0.855749118666392
26000	6000	1125.82772018651	10.6698179024665
27000	6000	1125.33024824138	18.0367028757424
28000	6000	1143.36235899442	18.0349056045440
29000	6000	1162.43819163806	19.3575748754733
30000	6000	1191.46118556619	20.8440924005083
31000	6000	1190.78750388524	21.9416671389573
32000	6000	1191.75936359486	21.9440963175574
33000	6000	1201.62510614255	21.9399523875448
34000	6000	1198.59920447705	21.7616433181328
35000	6000	1199.66404594432	21.6278412622547
0	7000	854.673712695116	10.2347366489473
1000	7000	854.567390479790	11.4938797862016
2000	7000	858.116748908837	11.7558680505116
3000	7000	856.846195854564	8.46259452791958
4000	7000	857.628204055692	2.48772779602907
5000	7000	860.073598938130	-1.56903126810552
6000	7000	858.700002451747	-3.18369394973583
7000	7000	859.047079810332	-3.49141393963070
8000	7000	855.208621914751	-3.77556484519917
9000	7000	854.104085212100	-6.03489764516666
10000	7000	853.719757275811	-10.0574876111205
11000	7000	851.678377463131	-12.3067219829863
12000	7000	849.140421327827	-13.1253498520782
13000	7000	850.210193684990	-12.1746676874381
14000	7000	916.292825847231	-12.2596090042092
15000	7000	937.587177628168	-12.1264931166964
16000	7000	961.506507108145	-11.5395401234139
17000	7000	1002.10225798059	-11.3098696033822
18000	7000	1038.16301039375	-11.7715269899635
19000	7000	1050.83559233714	-11.0566874642493
20000	7000	1069.56816695122	-10.1370079652644
21000	7000	1092.65217846844	-9.35193090986421
22000	7000	1101.77488342254	-8.60061097950237
23000	7000	1097.62391307516	-8.00806278537080
24000	7000	1078.85212821161	-7.01037829311116
25000	7000	1056.28640778422	-3.10831145862825
26000	7000	1084.73033940639	7.08876178818989
27000	7000	1098.71586154179	15.8573165981404
28000	7000	1114.40313098028	20.6955308399391
29000	7000	1134.36121257537	21.9206713293485
30000	7000	1153.81967467486	22.0666248761635
31000	7000	1164.92406842627	21.9049376725253
32000	7000	1162.61748016460	22.2875587600599
33000	7000	1168.78525294958	22.2946729419228
34000	7000	1169.21567374910	22.2257691639413
35000	7000	1168.14720645149	22.2192750240001
0	8000	859.529675080013	11.2241635933394
1000	8000	860.381281408280	13.3396626443904
2000	8000	862.540787500332	15.4861081285676
3000	8000	861.867826551491	13.6038553702464
4000	8000	863.017775484461	7.87700904202507
5000	8000	865.467669861749	4.62915016212811
6000	8000	863.221363020400	3.22357092556741
7000	8000	864.417924711872	2.57749286979719
8000	8000	861.536373080510	0.782012048107950
9000	8000	858.770155570117	-1.88807372436242
10000	8000	857.501026428348	-6.24243170232296
11000	8000	855.908498940687	-9.81507080803314
12000	8000	851.888771317181	-11.8224332238277
13000	8000	851.552982987934	-10.9332348253478
14000	8000	896.269454165339	-10.7987134076683
15000	8000	919.426775886295	-11.0522878554424
16000	8000	937.597933378142	-11.0543531494282
17000	8000	979.565806331308	-11.2036517940609
18000	8000	956.403536764364	-11.7569024877484
19000	8000	1020.40640690780	-11.9520083058930
20000	8000	1046.98729871911	-11.8616364507904
21000	8000	1060.13682739998	-11.8265048732013
22000	8000	1059.88003280429	-11.9818876271203
23000	8000	1047.06425118826	-11.0158690210830
24000	8000	1051.33402819600	-9.58358399045024
25000	8000	1036.04759410028	-5.99035443422901
26000	8000	1057.85309007772	4.07881909981468
27000	8000	1073.38975099167	13.5666360008274
28000	8000	1088.12452070030	18.8418985129247
29000	8000	1106.63759158246	19.0931887830174
30000	8000	1122.94959319031	19.4546871492217
31000	8000	1128.78006826222	20.3108636557118
32000	8000	1133.66239949325	21.2745440360791
33000	8000	1139.51006590061	21.9667323408714
34000	8000	1139.13683255466	22.6869620755660
35000	8000	1128.88520708361	22.7030757719701
0	9000	864.381868036138	12.2718201914348
1000	9000	865.498927852602	14.8218761628383
2000	9000	866.659056491038	17.3553353331260
3000	9000	867.954101195352	16.6234227094024
4000	9000	867.548502373423	13.3917663403447
5000	9000	871.253356641744	11.2653100259089
6000	9000	868.697670700400	9.67086034492330
7000	9000	873.125904252860	6.74374491708951
8000	9000	868.080000329842	2.72607465001422
9000	9000	862.581098622131	-0.206234453744674
10000	9000	861.924283321350	-2.10562977270333
11000	9000	859.023789171492	-4.73785859255639
12000	9000	855.672353261287	-7.37615924157562
13000	9000	855.767811177735	-7.47830854914531
14000	9000	854.210055366073	-7.38661735630503
15000	9000	867.761372752532	-8.12192486831811
16000	9000	906.014491104241	-9.56673503743444
17000	9000	944.849839308290	-10.8601344265082
18000	9000	940.690371045171	-11.6605855753324
19000	9000	990.097624693897	-12.4205581596333
20000	9000	987.568656655525	-12.3313315470301
21000	9000	1019.56050633667	-12.8663280581818
22000	9000	1015.07773479297	-13.9386269047907
23000	9000	1017.95560265836	-13.5630807992624
24000	9000	1004.80421949102	-12.3768942419570
25000	9000	1020.74687684432	-9.88810320447290
26000	9000	1034.08101617420	1.36842866923675
27000	9000	1046.47458860510	12.2306738903703
28000	9000	1066.11767578893	15.4840735833849
29000	9000	1080.22915749759	14.7629245845053
30000	9000	1090.80294692409	15.7768382585016
31000	9000	1097.34702700559	18.2620830079739
32000	9000	1105.56497711350	20.1077693324422
33000	9000	1112.69099777778	21.3794771036352
34000	9000	1108.60528942064	22.4269331066858
35000	9000	1101.75695479582	22.7270832201734
0	10000	869.568959610129	11.2119610967085
1000	10000	871.277105959966	12.4267246868185
2000	10000	872.221731243237	14.5839142721765
3000	10000	873.223776272340	16.3636445304527
4000	10000	873.387438633900	15.9957173188384
5000	10000	876.288572776162	14.8161082550726
6000	10000	873.976137981315	12.5146708421061
7000	10000	878.255715719523	7.48269674485991
8000	10000	875.414295553259	2.17837499745864
9000	10000	867.508562412272	-0.361772953410116
10000	10000	865.345842318610	0.621626829826045
11000	10000	862.081021277670	0.738630154045968
12000	10000	862.994349842068	-0.741629382585872
13000	10000	861.012892008947	-1.92959578637712
14000	10000	856.104500789014	-2.54283507181464
15000	10000	855.133678618958	-3.60770817266801
16000	10000	855.936082125912	-6.34703297677273
17000	10000	869.672529901059	-9.28590736433364
18000	10000	919.855950927254	-12.4241286419431
19000	10000	918.902434304021	-13.7694136990205
20000	10000	968.306229288673	-13.7902206825646
21000	10000	977.175724843375	-13.7168001653105
22000	10000	981.676438792471	-14.0119786986334
23000	10000	982.212624793574	-14.3943918113589
24000	10000	982.495135132913	-15.1140902249433
25000	10000	997.820511931071	-13.1484345641953
26000	10000	1008.92423022918	-0.283105450281864
27000	10000	1021.52293153566	13.4690345772407
28000	10000	1039.93584607058	15.5793238552860
29000	10000	1050.75113181339	13.6327485827948
30000	10000	1065.84602565465	14.4814818104918
31000	10000	1069.88978938392	16.8769501742715
32000	10000	1076.93354546587	19.6079250385928
33000	10000	1083.70442651596	21.4087466774233
34000	10000	1083.51072877472	22.2191487724829
35000	10000	1073.59184319358	22.5602452087866
0	11000	875.163709507134	8.91109248990802
1000	11000	876.620227044920	9.78533451321856
2000	11000	877.798967240763	12.9472638522131
3000	11000	879.113404157874	15.3704936835933
4000	11000	880.050285308696	16.4599278749211
5000	11000	879.753257367976	15.7812875937343
6000	11000	879.453355782478	13.6250073208416
7000	11000	881.631463272447	9.16428766779652
8000	11000	880.256098209463	3.34522597295668
9000	11000	871.492007218193	0.0643235060434892
10000	11000	869.042899586007	0.530596799997163
11000	11000	866.759382748342	0.737596349945649
12000	11000	867.969795800435	-0.271751030657841
13000	11000	866.109472304449	-1.59097257702392
14000	11000	862.404123944871	-2.32286114233822
15000	11000	859.275665510829	-3.08843920902498
16000	11000	857.864806771380	-4.96093929550682
17000	11000	858.989942889150	-8.12224637787382
18000	11000	861.760612945681	-12.6727227284017
19000	11000	887.886472696847	-15.6146990318735
20000	11000	910.311146663723	-15.3760031967985
21000	11000	924.708524210926	-14.4109884217971
22000	11000	947.946816761306	-13.9476160719146
23000	11000	951.142796642867	-14.9381062323443
24000	11000	960.942494451860	-16.2691168857654
25000	11000	972.853987516362	-14.7392503500665
26000	11000	984.064317950743	-4.80007045019624
27000	11000	996.492816055351	8.22462664610224
28000	11000	1008.79599637628	14.1135265535544
29000	11000	1026.41307472567	13.3768217236495
30000	11000	1031.67190208707	14.6167005230552
31000	11000	1045.92527989782	16.9320493813311
32000	11000	1048.29097517995	19.5454447842328
33000	11000	1055.07708926086	21.3104839377501
34000	11000	1056.50011101726	22.2895752210153
35000	11000	1049.86867870351	22.5907646384706
0	12000	880.758475655774	7.20902152017036
1000	12000	882.255834082230	7.22851532096658
2000	12000	883.696017237884	12.1102188769445
3000	12000	885.455344339020	14.5623705564300
4000	12000	886.448754015432	14.8621547117686
5000	12000	886.616832746937	15.0247866462241
6000	12000	885.234257804202	14.2339627632872
7000	12000	884.853474147318	11.3041209239801
8000	12000	877.593826677134	6.26649779056891
9000	12000	876.291127610192	2.37817560397853
10000	12000	873.177363824969	0.373002248760502
11000	12000	873.541313670935	-0.428052087110581
12000	12000	873.396638703164	-1.79494387521541
13000	12000	869.122293787634	-3.59156261437285
14000	12000	866.159754141649	-4.98369013574299
15000	12000	862.914013570376	-5.41387188546827
16000	12000	858.765695723153	-5.85781182299688
17000	12000	859.695595520077	-8.21236735421887
18000	12000	862.084323428029	-12.2412492538723
19000	12000	864.399862391827	-16.0964386801949
20000	12000	879.958668618372	-16.0713854274032
21000	12000	901.077954578067	-14.7894611785659
22000	12000	918.784479966233	-14.0447472690140
23000	12000	929.873168114081	-15.5666908588729
24000	12000	938.699356541946	-16.8385987717074
25000	12000	948.841540383580	-16.2580405884310
26000	12000	958.468674591405	-10.5399896328159
27000	12000	969.814658362508	-1.29396549547898
28000	12000	987.388843844389	8.59330404434769
29000	12000	1001.95247715875	12.1356189238136
30000	12000	1013.01051491364	14.4996179620259
31000	12000	1019.24038660172	16.7907015611861
32000	12000	1019.57997438076	19.4986918374381
33000	12000	1027.60093030469	21.4088341339612
34000	12000	1029.55474724652	22.6193121612451
35000	12000	1024.27579385033	22.5006229393547
0	13000	886.353258056047	8.91426797620251
1000	13000	888.588261625973	7.73958003947708
2000	13000	889.338730509815	11.2781651809198
3000	13000	892.339704764999	12.0886226717947
4000	13000	892.199114049100	9.25198346232383
5000	13000	892.511232327438	10.1908349627505
6000	13000	891.296098976284	11.3437455578248
7000	13000	890.154356651928	11.5993087688767
8000	13000	882.259060628607	8.87121093675018
9000	13000	880.369180712206	6.25088421715627
10000	13000	878.742110626257	3.24215138729184
11000	13000	879.605704839275	1.11501135311839
12000	13000	876.326374743564	-0.960664521507681
13000	13000	872.434415647691	-3.95733589974891
14000	13000	870.936696425582	-6.80345187499933
15000	13000	869.041663518682	-8.26680232780779
16000	13000	860.957979756776	-7.64776280920997
17000	13000	861.610841609041	-8.28476734681660
18000	13000	861.801265552306	-9.68243292399473
19000	13000	863.341411965407	-12.1328952434531
20000	13000	866.650716615474	-12.2836572812693
21000	13000	887.636117416624	-12.1803702116601
22000	13000	901.560649288201	-13.4674028659504
23000	13000	911.354605563531	-15.4593241010335
24000	13000	918.279126039303	-16.2011521213415
25000	13000	926.575706078276	-15.2627163895295
26000	13000	935.433008038405	-12.1214503373150
27000	13000	950.137785936600	-7.66678424694422
28000	13000	964.138588785481	1.65376366797316
29000	13000	975.292136408457	8.37992379818442
30000	13000	986.851505841084	12.1042003395722
31000	13000	992.367196482637	15.6162529292086
32000	13000	993.785279738646	18.9773305560232
33000	13000	999.336806122174	21.4152311335180
34000	13000	1001.56757845741	23.0893800734275
35000	13000	997.684111185835	22.8415598121445
0	14000	891.948056707954	11.8363710529316
1000	14000	895.933848187883	9.15588373454744
2000	14000	895.855437774147	11.2321124169873
3000	14000	898.187583812327	11.1567746143785
4000	14000	898.884233183830	6.86557239260199
5000	14000	899.322779545762	5.58230012331793
6000	14000	897.673218576823	6.25965521113728
7000	14000	896.575778872421	8.89557381151976
8000	14000	887.113653224086	9.37950072395318
9000	14000	884.376917198339	9.83457611307701
10000	14000	884.877342502939	7.53244178184990
11000	14000	883.578771351621	4.42238910460272
12000	14000	881.785400576557	2.10342000969306
13000	14000	878.649248483190	-1.05379699813709
14000	14000	876.361721153759	-4.00601767998770
15000	14000	873.970719069660	-6.91585756134774
16000	14000	862.753591388334	-7.39589724787815
17000	14000	862.626300596422	-7.45130010300562
18000	14000	862.426218655638	-7.36254604598260
19000	14000	862.972512117445	-7.13922775286209
20000	14000	865.504971172150	-6.79857447906224
21000	14000	870.162790371038	-7.34067541602767
22000	14000	880.832792609471	-10.6188200378005
23000	14000	884.961527779194	-13.3940657481055
24000	14000	895.079303097446	-14.4942306133653
25000	14000	905.270541358117	-13.1476234337431
26000	14000	912.488374091125	-10.6182795303639
27000	14000	927.576323275477	-7.72624227386184
28000	14000	938.942759313560	-2.34266055051101
29000	14000	952.196323341012	2.48892054894454
30000	14000	961.052320432563	7.44097391575705
31000	14000	966.563225355092	12.2919814792055
32000	14000	969.262171195536	16.3063589633416
33000	14000	973.885441750896	20.0701050723745
34000	14000	973.995074643287	22.4923124606323
35000	14000	972.895138875862	22.3701630833612
0	15000	897.542871611495	14.7568627604383
1000	15000	901.200942326455	11.3039491555903
2000	15000	902.107014057576	11.3318563904251
3000	15000	904.684866701481	10.6721242119201
4000	15000	905.457687236998	7.12950078020528
5000	15000	905.231127662224	4.67194513506232
6000	15000	904.382623180744	4.64150556284072
7000	15000	901.888185968120	7.68061384933622
8000	15000	891.966065842955	9.44938881453922
9000	15000	889.070185325906	11.3767463267622
10000	15000	890.028218098432	11.1832608671854
11000	15000	888.532972095345	7.86108288294976
12000	15000	886.728050691174	4.85616976707710
13000	15000	883.894138846179	1.98896115985983
14000	15000	880.115222724455	-1.02138444463043
15000	15000	877.159033354422	-4.04183557253469
16000	15000	870.981674802598	-5.81173868484658
17000	15000	863.092240745192	-6.09467112632721
18000	15000	863.013705676027	-5.47982771665563
19000	15000	863.621302641701	-3.59258981567809
20000	15000	866.020684655965	-2.79450061762076
21000	15000	867.332579414237	-3.35240473688843
22000	15000	871.306956698886	-7.33033716149514
23000	15000	874.315189006426	-10.5006872799103
24000	15000	875.550266195818	-12.0028647030160
25000	15000	887.080362725569	-11.1524475502407
26000	15000	895.875938807663	-9.30526128978729
27000	15000	902.986073276754	-8.42798505831495
28000	15000	917.133334404364	-7.37107793891996
29000	15000	928.998296688654	-3.50243573570787
30000	15000	935.660696204463	2.42173702124767
31000	15000	942.153498162578	8.94855820918984
32000	15000	946.724129632705	13.1672216749503
33000	15000	949.753260728905	17.3775200943459
34000	15000	951.264289865210	21.2931546141966
35000	15000	952.195802875755	21.1540407029540
0	16000	903.137702766669	19.1671619383180
1000	16000	907.582339217229	14.8763645580800
2000	16000	908.537333494807	13.3237963753409
3000	16000	910.451138134313	11.3895807814976
4000	16000	911.315296213620	8.84987326206864
5000	16000	911.394401576273	8.24584879859286
6000	16000	910.588339205683	8.67029603828241
7000	16000	907.979343413723	9.48139354513212
8000	16000	895.524412404742	9.25749913285497
9000	16000	895.863421335873	11.0892499732476
10000	16000	894.856728761733	13.2009082004720
11000	16000	895.046509078166	9.91924865404129
12000	16000	891.110073179283	6.94153012893922
13000	16000	887.163893456618	3.91546712438906
14000	16000	883.803596190949	1.47801996909892
15000	16000	879.158560251504	-0.723876151522096
16000	16000	879.147202899604	-2.33852306887782
17000	16000	864.838391791068	-3.26254356588759
18000	16000	863.388420358103	-3.21096164243455
19000	16000	864.517643812184	-2.14965261657701
20000	16000	866.151874307835	-2.08371546167169
21000	16000	868.400393623660	-2.81160534059335
22000	16000	868.144852336364	-5.23281977205959
23000	16000	870.580128685946	-7.52778001563281
24000	16000	873.202963618683	-8.77705501834495
25000	16000	875.399325692942	-8.73152224182587
26000	16000	878.257304992900	-8.42971244539353
27000	16000	881.116919416102	-9.50554351676005
28000	16000	899.377169263470	-9.53855461990005
29000	16000	908.423003432979	-6.89193091956732
30000	16000	914.922720628626	-2.13899532038935
31000	16000	923.000156558330	4.86522440930419
32000	16000	926.589054857893	8.67360865155981
33000	16000	930.696798420221	12.9604048746084
34000	16000	932.813963490547	17.5342786754663
35000	16000	936.012067828005	16.0148947520723
0	17000	908.732550173477	21.7480639612341
1000	17000	913.469441110669	17.8417995034612
2000	17000	914.848567083203	16.1174484785523
3000	17000	916.574797833932	14.2823783462230
4000	17000	917.111534580483	12.8897970581416
5000	17000	917.016941974488	13.0114038513837
6000	17000	916.670919192798	12.3970496182835
7000	17000	911.354909754932	10.5652099836391
8000	17000	901.631647475736	9.43156885106152
9000	17000	902.193182663269	11.0162374739736
10000	17000	902.522771195488	14.0110892358402
11000	17000	899.311052838625	11.7179992285543
12000	17000	895.023275589245	8.71437831914730
13000	17000	889.858637346187	6.08334996099323
14000	17000	887.238213635004	3.69572012714864
15000	17000	885.273896440711	2.02397984864150
16000	17000	882.605800969654	0.952341132052785
17000	17000	877.995099117031	-0.0122559547912367
18000	17000	865.095589905288	-0.816172919087054
19000	17000	866.450609982994	-1.88150510599740
20000	17000	866.742999262839	-2.64998853332735
21000	17000	868.450419774671	-3.69491672508428
22000	17000	870.380311250893	-5.04464323978957
23000	17000	871.293674735700	-6.67639541860070
24000	17000	871.668549590769	-7.69372477936678
25000	17000	872.305456912774	-7.73702791669272
26000	17000	876.395841714962	-7.95260081683986
27000	17000	878.057365203281	-8.48235453338796
28000	17000	882.719269837021	-8.32795181503093
29000	17000	893.338724212742	-7.27544841493181
30000	17000	898.788538776463	-3.27566767342190
31000	17000	908.313932072908	3.00014417350928
32000	17000	913.976743048113	5.74216303091565
33000	17000	916.840332155796	9.65616617840341
34000	17000	919.584588235910	11.5726213272491
35000	17000	923.146623769286	5.84482207193662
0	18000	914.327413831919	24.0229167209953
1000	18000	920.410208636729	20.7201744069997
2000	18000	922.090965795512	19.9889183442676
3000	18000	922.705325110586	18.1944255450181
4000	18000	923.519964766020	17.0768364716109
5000	18000	923.441066774997	16.9483717713768
6000	18000	922.098729709707	14.6356322279632
7000	18000	910.266535759634	10.7829578805321
8000	18000	906.776846049333	9.85868014554171
9000	18000	909.270263066693	10.8571734506203
10000	18000	908.016574075726	13.3800289760582
11000	18000	903.602453248874	12.9796071143257
12000	18000	901.330112801273	10.6008126852239
13000	18000	896.243837567755	8.20522812548494
14000	18000	891.135811763211	6.36015697224717
15000	18000	888.093898794852	4.85056805343019
16000	18000	886.321543009609	4.02162253065441
17000	18000	883.527000951411	3.35418696772329
18000	18000	877.478990542106	1.58068291759713
19000	18000	867.338015245769	-1.10590987676304
20000	18000	869.032183413132	-3.11853375327097
21000	18000	868.305665558663	-4.53112680584278
22000	18000	871.219892269872	-5.26558410384558
23000	18000	873.129387520582	-6.31050161693812
24000	18000	872.053206436666	-6.75878180947931
25000	18000	873.654905803468	-6.16248143655652
26000	18000	874.808009445783	-5.93923861822905
27000	18000	877.980747106938	-5.79421869730239
28000	18000	879.071087626964	-6.17356013598522
29000	18000	881.936382749343	-7.09207404290751
30000	18000	893.974361254965	-5.34173261775050
31000	18000	899.510965962361	-1.47332812130587
32000	18000	904.059711930718	1.58516248675913
33000	18000	908.135028406382	6.31319242861829
34000	18000	911.464616879861	7.12294235602001
35000	18000	915.064773282374	1.76435649170892
0	19000	919.922293741995	24.8270985400239
1000	19000	925.962607383896	22.2664216929211
2000	19000	927.304126497814	19.8470763126505
3000	19000	929.366608431222	19.0923508985071
4000	19000	930.618297145010	16.9497322496012
5000	19000	929.287309829991	15.0289834088370
6000	19000	927.492977114889	12.8512377762870
7000	19000	915.238708628865	10.4802456430091
8000	19000	912.588374888414	8.67088178754542
9000	19000	916.613842665016	8.60730901028807
10000	19000	911.517102278620	11.2536995995353
11000	19000	911.002524731499	11.8972141288050
12000	19000	905.892335665338	11.7144178990013
13000	19000	900.504011650314	10.5782265094749
14000	19000	895.063684090165	10.0680151536964
15000	19000	890.292485263182	9.24775631623227
16000	19000	889.440750813113	7.80326082787018
17000	19000	887.258601551562	6.04705826268285
18000	19000	885.470796818525	3.82056058230060
19000	19000	868.150715315826	0.671423572597290
20000	19000	869.405727391915	-1.76943213637731
21000	19000	869.943028991174	-4.33561444666907
22000	19000	871.054597955724	-5.34940817617179
23000	19000	873.654860222926	-5.30977452089769
24000	19000	874.233138564630	-4.46878217207383
25000	19000	874.964954765460	-2.29628827659137
26000	19000	875.270701670345	-1.55861260620346
27000	19000	876.994568953442	-1.25490066122328
28000	19000	879.713871709051	-3.61201018702966
29000	19000	881.523838280629	-5.95034009965170
30000	19000	884.194550285399	-6.46858431106800
31000	19000	886.821597528472	-8.39565477027576
32000	19000	897.227951537129	-6.89267795923457
33000	19000	902.264122980370	-2.24588093713154
34000	19000	905.895482476005	3.98443750861654
35000	19000	907.870118469723	5.45553348068589
0	20000	925.517189903704	23.0266790529352
1000	20000	931.521452443828	20.7533664007003
2000	20000	933.533739488638	18.8309831263498
3000	20000	935.411223421584	17.5327791729715
4000	20000	935.935907302252	15.8074881988903
5000	20000	935.102796321297	12.9948482900155
6000	20000	930.446675300962	10.9799571055339
7000	20000	917.594464051059	8.93577509779398
8000	20000	922.478192718340	6.88725809325833
9000	20000	920.495327087024	6.62875095193616
10000	20000	919.506122358304	8.89747144475543
11000	20000	915.236424150482	9.90335907639277
12000	20000	909.100587180797	10.6502178004351
13000	20000	903.334338508367	12.1078793985693
14000	20000	898.331717714619	12.7521999697403
15000	20000	893.779454993239	12.5026792804689
16000	20000	893.392497607517	9.77779209785509
17000	20000	892.406146796240	7.02329076316073
18000	20000	892.399198168245	3.66392930999947
19000	20000	873.875830913527	1.73044972371309
20000	20000	870.082851898359	0.130478191370012
21000	20000	871.704193290280	-2.28727833458769
22000	20000	872.257969220395	-4.63316163362210
23000	20000	873.455342138403	-4.40796734516861
24000	20000	874.332462824346	-3.18213027211161
25000	20000	876.875853871577	-0.310970341424994
26000	20000	878.223692859246	0.692494903895654
27000	20000	878.567877050291	0.360740550389981
28000	20000	880.806058889543	-2.91414556208144
29000	20000	882.353828858423	-4.46620619866445
30000	20000	884.586351865411	-5.31015656525047
31000	20000	885.140152024541	-9.90442797989877
32000	20000	889.722004570464	-11.5369823080024
33000	20000	894.999887000054	-9.42930799387498
34000	20000	902.089573024054	-4.56902173235808
35000	20000	902.585026673902	-1.68734203571281
0	21000	931.112102317047	21.1229358820106
1000	21000	936.235600858897	19.3161087206866
2000	21000	938.811514474333	16.6205918525944
3000	21000	940.981405581173	15.2995688976467
4000	21000	942.152076220346	15.1110558387823
5000	21000	940.393691137969	13.4189156379064
6000	21000	925.507932372663	11.5971525629996
7000	21000	926.606280211520	9.31430317056505
8000	21000	930.233912831671	6.57212765769125
9000	21000	928.485734147742	5.32620330697373
10000	21000	923.229182899056	6.72406142889607
11000	21000	918.037313153676	8.52335432132058
12000	21000	912.471139387256	9.57050548204931
13000	21000	907.456908060483	11.6344325999491
14000	21000	902.314763554572	12.4945049474285
15000	21000	898.502358684397	11.7628179836285
16000	21000	896.997910159655	8.61750336863334
17000	21000	898.877877031223	5.57323321610113
18000	21000	900.811995751084	2.87245842328396
19000	21000	900.104165157411	1.71218372661749
20000	21000	876.085595161082	0.954899408296758
21000	21000	872.493817841140	-0.595009582116998
22000	21000	873.970916463800	-4.01241894645220
23000	21000	874.088631471793	-4.62083048662053
24000	21000	875.936317185996	-3.12725172520822
25000	21000	877.147399419376	-0.541449902722159
26000	21000	878.470217587616	0.209804705133869
27000	21000	879.871283449718	-0.281314649833825
28000	21000	880.639572252603	-2.57394742171403
29000	21000	881.983255977457	-3.06295197023490
30000	21000	884.193281554159	-3.14031113620787
31000	21000	885.971492144857	-8.91610636565943
32000	21000	888.121329614435	-12.2935482300346
33000	21000	890.156912574248	-12.9943229471446
34000	21000	897.036092296763	-11.4644550922708
35000	21000	896.761329437037	-9.18306862037873
0	22000	936.707030982023	14.0920633364889
1000	22000	941.934163606370	13.7267531541306
2000	22000	943.991960297873	11.1320242528048
3000	22000	946.772265388569	9.87976352088554
4000	22000	947.824487023080	11.0612428103869
5000	22000	941.164331427512	11.4174089523795
6000	22000	930.809938355833	10.6955451917129
7000	22000	937.092526132901	9.37214742877786
8000	22000	937.990203333555	6.57604828219547
9000	22000	932.515253378263	4.12976063087043
10000	22000	927.231325457870	4.32273360356163
11000	22000	922.889073598584	6.78543210306728
12000	22000	917.517130943935	8.46500910353344
13000	22000	911.475306306383	8.58378363387353
14000	22000	908.016393884451	7.69354372515851
15000	22000	906.916286502020	6.20447232506777
16000	22000	907.358793738115	3.94281606098672
17000	22000	910.270880795480	1.91056588384981
18000	22000	914.254587101444	1.08443521773229
19000	22000	911.925140340272	1.08111470391823
20000	22000	904.681015437757	1.03028641479887
21000	22000	897.650029064245	0.808694353326353
22000	22000	880.436683586170	-1.81637620130611
23000	22000	875.702032418535	-3.38582934985123
24000	22000	876.204270429465	-2.13721156653500
25000	22000	878.106655984155	-1.04836031887839
26000	22000	879.304043125748	-1.50215691619050
27000	22000	880.666040677183	-2.52031863662096
28000	22000	880.862712104015	-3.84380131107686
29000	22000	882.782557300493	-2.30421748847863
30000	22000	884.185695500765	-0.574069481272970
31000	22000	885.199451312430	-4.53961422205349
32000	22000	887.546775448792	-7.89733758786170
33000	22000	890.196257516561	-9.07702488111326
34000	22000	891.705396087187	-9.48809938697945
35000	22000	893.876968430029	-8.32898667011220
0	23000	942.301975898633	9.64726762482918
1000	23000	953.290647242303	8.15441099914832
2000	23000	949.753130756707	7.36759845212718
3000	23000	952.430964740561	6.82644249352874
4000	23000	953.327653432915	7.43764721435843
5000	23000	936.873503998178	7.71122979249246
6000	23000	939.935715380656	7.49836728640415
7000	23000	946.407871997932	6.80719334325395
8000	23000	943.526103306374	4.69473668559311
9000	23000	936.073242857194	2.23508554233000
10000	23000	930.827765757827	1.73727741239565
11000	23000	935.929592904258	3.20193511971866
12000	23000	931.481055164645	5.38786242775440
13000	23000	918.327270553308	5.86347137614273
14000	23000	920.472257671531	4.65095918245049
15000	23000	922.330124713907	3.49309523307448
16000	23000	920.880321082892	2.50925642327072
17000	23000	924.933115490135	1.56464447288231
18000	23000	931.016254729087	1.38317871243237
19000	23000	926.970437302487	1.20421388591428
20000	23000	917.530981641452	0.805316720689885
21000	23000	913.709535887248	0.808941737200900
22000	23000	911.572592862343	-0.629032738002157
23000	23000	905.365362052661	-2.54464607022597
24000	23000	899.578987298761	-2.01885948176488
25000	23000	878.247058528746	-1.51615375604892
26000	23000	879.553627949051	-2.65266696952617
27000	23000	881.229822005659	-4.62534602231587
28000	23000	883.506118532692	-5.48352622340509
29000	23000	884.592636288867	-1.47140671152806
30000	23000	886.130898518003	2.18443561644176
31000	23000	887.228143093134	-0.147071005415755
32000	23000	889.031513282937	-2.84542806368785
33000	23000	889.796245415037	-3.94241711907207
34000	23000	892.017403298068	-4.17092764669360
35000	23000	892.472474298305	-3.29825419529817
0	24000	947.896937066877	8.16833145425249
1000	24000	952.785820736019	5.95669235319081
2000	24000	955.744362779250	5.97697431658260
3000	24000	958.025677776923	6.23114822310193
4000	24000	958.897349039027	6.01525746847098
5000	24000	941.144749390776	6.67219303469057
6000	24000	955.330796134565	6.74264176792547
7000	24000	952.258707198321	6.30048659446617
8000	24000	948.689341384219	4.70733018514520
9000	24000	947.312114394206	2.97491753585548
10000	24000	939.000226794874	1.00663238983480
11000	24000	961.031475665994	0.665318650412816
12000	24000	954.498250410886	2.39307119247242
13000	24000	940.990248402728	3.84817161673581
14000	24000	940.690881274489	3.08332915921719
15000	24000	944.298796593519	2.75967522500809
16000	24000	939.385625168284	2.24495361253691
17000	24000	946.658047263086	1.72667715581167
18000	24000	952.137783255319	1.20638468901922
19000	24000	944.031935032052	0.570311441372725
20000	24000	933.912842836933	0.165213341578022
21000	24000	929.370711020810	-0.0737720301691518
22000	24000	925.976925470612	-0.452666775888283
23000	24000	922.581081737031	-2.00404385348642
24000	24000	920.645096394876	-2.66396492177539
25000	24000	915.517178200380	-2.35552695679760
26000	24000	896.221025291020	-3.69968069773732
27000	24000	883.206594073549	-6.04212653160775
28000	24000	884.233462204459	-5.71334019173975
29000	24000	885.399198930450	0.160095923305097
30000	24000	886.848392815953	4.52865036152004
31000	24000	888.684925515601	3.47098741078441
32000	24000	888.988911492319	1.48703438305630
33000	24000	890.259910708190	0.980158224421047
34000	24000	893.144763231496	0.365033196093792
35000	24000	894.042260519175	0.533291964556891
0	25000	953.491914486755	16.3122703702700
1000	25000	958.175972768929	11.4791974623208
2000	25000	961.699455843267	8.42304168005787
3000	25000	964.270620172581	7.41107473049427
4000	25000	956.856298056568	6.30764615592429
5000	25000	951.013990701149	5.34934701639612
6000	25000	968.340933635108	5.46460579735271
7000	25000	992.743972892949	6.12373366092072
8000	25000	982.516734249434	5.85223237845497
9000	25000	982.698023007232	4.64321600848044
10000	25000	994.137504914182	2.23561612276808
11000	25000	994.764131093846	0.889058444227841
12000	25000	975.143878121272	1.15450309515772
13000	25000	970.327445607387	2.42467621823608
14000	25000	965.832805557615	1.76297616201525
15000	25000	968.664006751959	1.68524248738538
16000	25000	964.687297116279	1.87478858843550
17000	25000	973.300175875459	1.10143826081740
18000	25000	972.846606522777	0.513893814264639
19000	25000	962.347464426910	-0.709596719749029
20000	25000	953.090198568292	-1.27169903352804
21000	25000	945.668211371218	-1.54825170980523
22000	25000	943.929396451970	-0.915555650060707
23000	25000	942.037801242229	-1.04792623618266
24000	25000	939.922178219205	-2.96970871578799
25000	25000	933.738622348680	-4.07002456796659
26000	25000	926.588788918360	-4.88711421863763
27000	25000	893.641383283727	-6.25103052240016
28000	25000	885.935216630936	-2.98612509893232
29000	25000	886.308375386806	3.48019043693514
30000	25000	887.994775584452	6.55143979626849
31000	25000	889.042545315016	6.29155506093073
32000	25000	890.767177054477	4.83901267912259
33000	25000	892.124257124905	2.68439807057481
34000	25000	893.884162115820	0.897548153582531
35000	25000	895.899033061413	1.12005778065063
0	26000	962.616302651224	22.2209723098299
1000	26000	964.177762194911	17.7138117317346
2000	26000	967.903332123234	10.2801339253201
3000	26000	969.827232174255	5.60601810305444
4000	26000	953.002350104037	2.53600779894982
5000	26000	963.758359050554	1.77753645922832
6000	26000	1018.26358633429	2.50215672106404
7000	26000	1029.58650183739	3.66364221231221
8000	26000	1026.32800322460	3.87066202794247
9000	26000	1033.84607872314	3.40741923210151
10000	26000	1050.22940707476	1.90946258771386
11000	26000	1036.29728198231	0.878871486009717
12000	26000	1029.23248830967	0.722174899847581
13000	26000	1010.79854771972	0.671427811219812
14000	26000	999.993245746509	-0.147548723164769
15000	26000	999.081588940017	-0.452319653959972
16000	26000	999.566178594058	-0.121993734492291
17000	26000	1003.45840409380	-0.288573378685310
18000	26000	994.690357911859	-0.166254652611640
19000	26000	983.192364820594	-1.36730957686564
20000	26000	970.961529005942	-2.04782121706086
21000	26000	963.583726953656	-1.99134098516745
22000	26000	964.219551464650	-0.728046629763933
23000	26000	964.180152709587	-0.275693461135582
24000	26000	961.322752358748	-1.42956319903924
25000	26000	957.004514199318	-3.80962990308109
26000	26000	950.867649998689	-5.24096937810052
27000	26000	935.844194875127	-5.09958273152556
28000	26000	902.278514251125	0.371497414869284
29000	26000	895.065697778611	6.20941113985637
30000	26000	889.736357454151	7.90440119135756
31000	26000	889.736249899897	6.95347885658095
32000	26000	891.885512742205	7.09600315115564
33000	26000	893.234849341813	5.60439921782019
34000	26000	895.010490898664	2.12176877894656
35000	26000	896.376003407978	2.56991927746172
0	27000	977.122182731338	24.3441563497672
1000	27000	983.598094674693	19.0319004078054
2000	27000	974.245115008489	12.8978254486260
3000	27000	976.813233726106	6.11576205373828
4000	27000	959.376647968325	2.86518011425537
5000	27000	1033.67962755276	3.10594839307335
6000	27000	1085.07299589824	3.67749090797535
7000	27000	1087.02756160652	4.26071103231599
8000	27000	1112.23852880659	4.06012362710822
9000	27000	1134.61186053414	3.60249903054702
10000	27000	1084.85181300268	1.84171505771692
11000	27000	1135.48685303224	0.379398929914829
12000	27000	1106.23314259543	-0.556147951021787
13000	27000	1080.21435743936	-1.49415055618316
14000	27000	1043.51484574710	-2.22273941141808
15000	27000	1051.85925625354	-2.65571504477881
16000	27000	1047.97173458247	-2.24763609411890
17000	27000	1033.32662495765	-2.05379820417696
18000	27000	1016.99764372593	-0.967731726406002
19000	27000	1002.89189986553	-1.57329275702836
20000	27000	990.075067507439	-2.04897513130541
21000	27000	984.422022838077	-1.61456466393798
22000	27000	987.677077156252	-0.644765299293620
23000	27000	987.077037370118	0.162946711697424
24000	27000	985.370792762426	0.201802335413518
25000	27000	984.042316239738	-2.47802748466869
26000	27000	969.103428519356	-4.55973929122052
27000	27000	949.157829483940	-3.56208112527466
28000	27000	933.626800131243	3.26397060042362
29000	27000	909.302506319036	8.03394590590359
30000	27000	896.539872561333	8.53635022071773
31000	27000	892.437739125846	8.72969738162159
32000	27000	893.201196574861	10.5774236495054
33000	27000	894.283898082014	11.5723015792760
34000	27000	895.676356803153	8.29477145040838
35000	27000	896.849474030845	6.93732441990236
0	28000	991.628171669234	24.8291903539101
1000	28000	999.164078506550	19.1393040147558
2000	28000	1017.94573504095	13.0326901542952
3000	28000	968.012153144837	7.53088862508823
4000	28000	969.232262883812	7.44540064801480
5000	28000	1108.02211001972	9.72163567987195
6000	28000	1177.64205338423	10.2044961303226
7000	28000	1204.12346069757	10.0326453457479
8000	28000	1202.58337772516	8.86024490635540
9000	28000	1190.21733258121	7.07248691459090
10000	28000	1173.25577779279	3.68367750207933
11000	28000	1327.43497011480	0.107686239204114
12000	28000	1184.48489618129	-2.79995679832997
13000	28000	1121.01797431333	-4.45571885630447
14000	28000	1090.93090231972	-5.07396866178272
15000	28000	1109.07590314244	-5.31658153905693
16000	28000	1084.89613218625	-5.07296881886496
17000	28000	1050.75177770287	-4.55393262224425
18000	28000	1042.34690033496	-4.12445771566058
19000	28000	1039.06153817620	-3.92631520199344
20000	28000	1017.61685751003	-3.04389279931863
21000	28000	1011.22936817036	-2.24647937331749
22000	28000	1011.76347173058	-1.53814491498289
23000	28000	1013.10296267157	-1.15409567531163
24000	28000	1012.87569023787	-0.769864023607776
25000	28000	1017.24528064207	-1.53611135928778
26000	28000	1010.89797309028	-3.15454068411726
27000	28000	970.901371361498	-3.18434002238470
28000	28000	985.073370717900	2.90122563328487
29000	28000	954.221665986982	8.25541454728303
30000	28000	926.633173246996	10.3539742861184
31000	28000	919.365640876347	13.5446376050099
32000	28000	928.259801813292	17.4416966744219
33000	28000	895.808938540190	18.5802030460034
34000	28000	896.870365563780	16.7179168710142
35000	28000	897.689493052596	16.4800244150064
0	29000	1008.80799037611	22.5736699452539
1000	29000	1027.80655866914	20.7285484909895
2000	29000	1027.70753807880	13.4114257510378
3000	29000	1029.16659099480	7.13791675305829
4000	29000	1045.32530082018	8.25710406257809
5000	29000	1076.72882837558	10.4113724841913
6000	29000	1125.85514500527	10.8192705113149
7000	29000	1195.77947352691	10.9466199104397
8000	29000	1246.09751522343	9.88668338466086
9000	29000	1251.47044886699	7.95427827927113
10000	29000	1231.72729096314	5.10239984716087
11000	29000	1225.24774401939	2.18931745439030
12000	29000	1241.87726752877	-2.33009528757744
13000	29000	1229.77840602261	-5.74869055957465
14000	29000	1191.34907735991	-6.61811436824848
15000	29000	1156.16333860316	-6.45044939181670
16000	29000	1136.26863838412	-6.08932010230120
17000	29000	1108.99346614571	-5.93028255277191
18000	29000	1081.10877433322	-6.17880035862588
19000	29000	1072.55219845956	-5.81102139055891
20000	29000	1055.65283870532	-4.96872616129055
21000	29000	1045.17425825664	-4.21674958039281
22000	29000	1037.44813394239	-3.22534441348204
23000	29000	1042.46978625223	-2.80906450723971
24000	29000	1045.70539421148	-2.55557421507605
25000	29000	1054.71992718753	-2.24882271821685
26000	29000	1012.32303149557	-2.51562366829014
27000	29000	984.721728068949	-3.09271654001602
28000	29000	1030.55123624186	0.915444974207195
29000	29000	993.598231674338	6.44610316367348
30000	29000	958.866898534843	12.0554524929796
31000	29000	965.562391839307	17.3990171723814
32000	29000	985.206596656687	22.3237318823538
33000	29000	961.974583928349	21.2215437387187
34000	29000	946.292143830214	18.0442461107222
35000	29000	900.358474710679	19.4997936345103
0	30000	1030.42166161297	18.8129837989972
1000	30000	1050.33856142755	21.3883572299470
2000	30000	1069.77591005544	16.1980371972707
3000	30000	1088.73370749666	5.80921419371049
4000	30000	1104.67652757346	5.21379387608334
5000	30000	1121.69609087529	6.83822777333518
6000	30000	1142.97035040680	7.87721356683036
7000	30000	1166.63180658817	8.02350567695568
8000	30000	1192.73522171564	7.41993668804193
9000	30000	1223.34936008417	7.15052103535201
10000	30000	1257.78953921854	6.40655151954045
11000	30000	1277.92176205766	4.01037332747141
12000	30000	1271.11056813107	-0.536878027133542
13000	30000	1259.60454275283	-5.60588551143777
14000	30000	1250.83416781962	-6.54919228120046
15000	30000	1215.77731024948	-6.04871070684900
16000	30000	1169.99760034500	-5.60315678706011
17000	30000	1157.13007603989	-6.37327420184261
18000	30000	1120.22351559501	-7.32988362988552
19000	30000	1127.60767135212	-7.54242641462329
20000	30000	1116.54947414916	-7.33773725906271
21000	30000	1091.24302446770	-6.51904764314243
22000	30000	1094.40194300007	-5.39622785849639
23000	30000	1093.46325692397	-4.31268426824623
24000	30000	1072.58537693377	-3.74213330496948
25000	30000	1081.76710758931	-3.33444377558851
26000	30000	1054.44297429187	-3.20479430400189
27000	30000	1014.70654633078	-3.05078200780154
28000	30000	1083.60644117558	-0.323664156682232
29000	30000	1048.26502833003	5.94625514304447
30000	30000	1007.01411456429	12.6460457179157
31000	30000	1059.10822002433	19.3179258269646
32000	30000	1051.39079453374	23.3505001704293
33000	30000	1042.84158634066	21.1286984908389
34000	30000	999.292984407181	16.3006340032744
35000	30000	968.897200063799	17.4440191932273
0	31000	1052.51488403650	10.4687281810085
1000	31000	1072.95387668368	17.2423934709317
2000	31000	1092.91331814418	14.1215410482897
3000	31000	1112.39320841798	2.90643167685081
4000	31000	1131.39354750511	-0.771501982128393
5000	31000	1149.91433540555	1.95262619718806
6000	31000	1167.95557211930	4.34467472345007
7000	31000	1186.38260531827	4.92817371122017
8000	31000	1206.55047339547	5.18514321436388
9000	31000	1228.27242787551	5.75138136900482
10000	31000	1251.39177872989	5.32898993078253
11000	31000	1275.86486466652	3.18984329645757
12000	31000	1300.47069687124	0.415602382097140
13000	31000	1307.24460720685	-3.36693717662623
14000	31000	1293.96749446765	-3.64847798484573
15000	31000	1281.83926345117	-2.66855554192981
16000	31000	1230.23564736752	-1.87559270295034
17000	31000	1190.48016445587	-3.78254174882601
18000	31000	1169.15772635388	-5.87295669971620
19000	31000	1181.61396493842	-7.82169589201516
20000	31000	1139.31638653250	-8.39582271048556
21000	31000	1146.29972073792	-8.32619878464375
22000	31000	1118.28610783108	-7.25040461267494
23000	31000	1110.72294764724	-6.13432726987635
24000	31000	1125.11719430021	-4.75785601624252
25000	31000	1155.55118586106	-4.35142793562134
26000	31000	1111.91786835584	-4.44951626609374
27000	31000	1048.46473568354	-3.60167353566693
28000	31000	1121.48896527473	0.322536196945053
29000	31000	1121.19051944857	7.02576610447030
30000	31000	1117.70737034547	14.4105578394046
31000	31000	1115.85912365487	16.6155692397034
32000	31000	1096.38178840861	17.8466566645612
33000	31000	1083.37672411429	17.1099315984619
34000	31000	1081.16821301635	13.2396072004530
35000	31000	1061.98210800191	12.2667946460965
0	32000	1075.08765764672	3.88740947790430
1000	32000	1096.04874312650	10.6077440016191
2000	32000	1116.53027741959	11.2984487626261
3000	32000	1136.53226052600	1.60583416414727
4000	32000	1156.05469244572	-2.56487436820443
5000	32000	1175.09757317875	0.462702300219739
6000	32000	1193.66090272510	2.92195792166947
7000	32000	1211.74468108477	3.56633299138266
8000	32000	1229.34890825775	3.78891213915208
9000	32000	1247.20020726646	3.89205192109887
10000	32000	1266.98900703199	2.83971978061932
11000	32000	1287.29670707659	1.54929191599725
12000	32000	1307.84614957545	-0.0722634436709940
13000	32000	1328.85631271760	-1.80008686110419
14000	32000	1342.36851915871	-0.738331623086764
15000	32000	1332.80795244233	1.61641065004458
16000	32000	1321.77555351617	3.54294282135977
17000	32000	1261.30209090821	1.24306246144313
18000	32000	1226.75655955622	-2.11522080784068
19000	32000	1192.89394330802	-5.09932199869996
20000	32000	1174.83560145114	-6.22089737021027
21000	32000	1177.09205755655	-7.27261094094907
22000	32000	1167.32438442238	-7.99634780969775
23000	32000	1167.70528294869	-7.11937778079544
24000	32000	1169.23014239905	-6.20385019128299
25000	32000	1176.72992720340	-5.43984670955483
26000	32000	1152.74924062632	-5.63351844847990
27000	32000	1100.67843774029	-4.36758089526540
28000	32000	1156.42267206775	1.44389361852008
29000	32000	1197.79713927149	9.14349104027514
30000	32000	1179.06016344287	15.8648718140642
31000	32000	1172.82595950598	16.1460909079461
32000	32000	1093.54250735400	13.9918380594331
33000	32000	1130.89338884940	12.9571049683874
34000	32000	1089.81646591990	11.8624910344022
35000	32000	1077.22095717939	10.4550677581351
0	33000	1098.13998244363	1.05322716502737
1000	33000	1119.62316075600	6.41054595423644
2000	33000	1140.62678788169	9.37616788279108
3000	33000	1161.15086382069	1.86883040220732
4000	33000	1181.19538857301	-5.07191033084433
5000	33000	1200.76036213865	-3.31931618466821
6000	33000	1219.84578451759	-1.16372237235637
7000	33000	1238.45165570986	-0.0930687738792457
8000	33000	1256.57797571543	-0.246382385041299
9000	33000	1274.22474453433	-0.419690266153275
10000	33000	1291.39196216653	-0.937395183342100
11000	33000	1308.07962861206	-1.29881819892135
12000	33000	1326.56719470433	-2.11303782166821
13000	33000	1345.73407417634	-2.25443968917884
14000	33000	1365.11452977562	-0.301998872177432
15000	33000	1381.57495078776	3.70952027392863
16000	33000	1385.92501880090	8.47993932749676
17000	33000	1343.84879655555	7.24895287396720
18000	33000	1290.38045603331	3.51829963388779
19000	33000	1229.13315687838	0.0577909242956250
20000	33000	1208.60880322684	-0.903283876678712
21000	33000	1210.52906198195	-3.38418537877398
22000	33000	1178.42256297916	-7.08203088597726
23000	33000	1208.99880515987	-7.32286862117555
24000	33000	1206.88958572089	-6.40839646056354
25000	33000	1180.95763051225	-6.37395480594473
26000	33000	1211.76792865835	-6.74203103371565
27000	33000	1112.69543297686	-5.22003849060213
28000	33000	1145.08309942635	0.586902153485228
29000	33000	1248.09618473560	10.2778575755863
30000	33000	1237.40989649842	17.2601870358263
31000	33000	1219.98465119424	18.3048327944187
32000	33000	1133.22126266010	16.6746094962969
33000	33000	1157.64857331899	15.3918240966988
34000	33000	1130.62115321605	13.8417528537399
35000	33000	1121.45542829037	12.6911940702576
0	34000	1121.67185842722	5.45806862547475
1000	34000	1143.67712957219	6.76996862963997
2000	34000	1165.20284953048	8.12043926296819
3000	34000	1186.24901830208	3.34078498259366
4000	34000	1206.81563588699	-9.95054128031930
5000	34000	1226.90270228522	-11.7398100869883
6000	34000	1246.51021749677	-10.5341542150095
7000	34000	1265.63818152163	-8.61658800669857
8000	34000	1284.28659435980	-8.68867405424850
9000	34000	1302.45545601129	-8.28158351682500
10000	34000	1320.14476647609	-7.67104047705012
11000	34000	1337.35452575421	-6.87460580027430
12000	34000	1354.08473384565	-5.88542539207729
13000	34000	1370.33539075040	-4.81793937715500
14000	34000	1386.68487431949	-2.46172664197603
15000	34000	1405.92182024220	1.65220705567423
16000	34000	1427.39661197398	8.44677918449826
17000	34000	1410.71570969165	11.0228642514572
18000	34000	1385.54375449805	10.6399926181885
19000	34000	1294.71610161965	7.29044037163135
20000	34000	1247.40822649962	5.27586520481254
21000	34000	1261.72429336494	1.62797310810464
22000	34000	1207.17178794717	-3.83854822524465
23000	34000	1248.07389300593	-4.32121390736014
24000	34000	1283.80186879511	-2.71901730128738
25000	34000	1254.96619209090	-1.49569651614344
26000	34000	1269.54617669454	-3.21456984888067
27000	34000	1246.34305852951	-5.49947376786777
28000	34000	1235.89747584366	-2.18891797890933
29000	34000	1272.97062334081	5.75338845912242
30000	34000	1283.22622008820	14.8852693915721
31000	34000	1197.03996850548	20.2786143379757
32000	34000	1160.92841578827	20.1870650595051
33000	34000	1180.41456492852	18.6173913068246
34000	34000	1158.84661849477	16.9449520615286
35000	34000	1090.54485604401	14.6160824524281
0	35000	1145.68328559750	10.3175773642591
1000	35000	1168.21064957507	5.75949753664360
2000	35000	1190.25846236595	6.23686541671971
3000	35000	1211.82672397014	3.15873613509757
4000	35000	1232.91543438766	-8.02535944526050
5000	35000	1253.52459361848	-16.8836599142350
6000	35000	1273.65420166262	-18.8405709808379
7000	35000	1293.30425852008	-17.1760795787283
8000	35000	1312.47476419085	-16.1885682854968
9000	35000	1331.16571867494	-14.7011439862863
10000	35000	1349.37712197234	-13.0123777068308
11000	35000	1367.10897408306	-11.7354877553261
12000	35000	1384.36127500709	-10.2227828984329
13000	35000	1401.13402474443	-8.65908558058925
14000	35000	1417.42722329510	-6.64112964237037
15000	35000	1433.24087065907	-3.63852877302446
16000	35000	1448.57496683636	2.32823985463992
17000	35000	1460.82088346817	6.90977795982493
18000	35000	1459.89611114599	8.89647939041718
19000	35000	1350.69678336803	6.80580128597943
20000	35000	1304.38796691156	4.19117811636514
21000	35000	1300.88193019346	0.470346751627066
22000	35000	1238.93046652169	-3.59062937411028
23000	35000	1290.37225511665	-2.52153001977421
24000	35000	1336.29868151812	1.23204284077839
25000	35000	1242.26241971751	5.25890462525907
26000	35000	1341.69460996665	4.06951913426494
27000	35000	1268.54135822728	-0.619779073434125
28000	35000	1187.38982771071	-4.52750084529691
29000	35000	1283.08607450156	-0.250281857322472
30000	35000	1298.95170760346	8.39201146827443
31000	35000	1325.24116485059	18.7956934482305
32000	35000	1217.02327074243	20.3612390910641
33000	35000	1175.28543405037	20.0009565440354
34000	35000	1149.30014069647	18.0019328537091
35000	35000	1139.11948887431	16.2852587284461