# north(m)                 east(m)                   ele(m)               Bouguer gravity (mGal)
27729.4940549778	2194.36049747324	1291.23045521175	13.8593734484355
6679.02944509973	11799.0208995454	884.006677710392	12.2865321892594
33322.8921857300	15608.0393165775	937.841550620089	16.6999039205683
26957.9198346593	26517.6963612052	943.694514035934	-3.86067615616216
28580.0736576477	4568.67526330703	1181.58227264335	19.4608536991069
14911.7537092917	31552.9142518986	1311.12707508600	0.353170404545336
10507.6355395473	7711.83841567301	855.410953335649	-9.30244129480089
23810.1665985642	13249.2758093733	912.383999816477	-15.6682612319820
30048.0484188836	14796.4560930669	941.028324056541	4.08510356340971
30512.7529073948	34044.0170031177	1244.49787326454	19.0314577626934
31397.1869737108	6195.56152267351	1185.18781293849	22.1398638529801
29525.5366606388	30879.6778727517	1108.11170481001	11.7295139509823
16980.2928671881	19294.0072672516	889.142890349639	6.80209766211431
17098.9178453867	11252.2167702473	859.622494746954	-7.88302197573349
2286.68847802795	31494.5960426144	1110.24195976110	10.3235819370833
15994.3362914977	18973.9102131038	889.385273531857	7.90456623261180
20844.4356293421	16201.1239664669	868.228298140263	-3.17613551540455
3852.92129370896	28279.1224772869	974.790212927897	7.38039545615032
12032.4491171802	12628.6384525889	874.632890818607	-1.92080070853196
9242.28016145809	33985.1042933358	1306.35932410569	-7.97317222090111
20306.3118956452	19443.1063550867	869.766808377755	-1.81381585701058
15238.6878927469	26943.6895971840	1048.82791745454	-2.47449879765820
14528.5064667607	23804.2356695096	938.690559998468	3.08927170618541
1897.45520088094	7181.98428571244	858.328392044481	12.1385290985916
9089.34664518287	29211.8026576836	1252.06933915124	7.41979801087329
8546.23143827328	30291.3460405273	1209.08954662535	6.80408485059673
24818.3279347374	1453.22739429927	1243.74325456309	-12.1355441120635
23059.7756351361	21496.7558848628	874.411222127585	-4.23430335752086
4171.34695579981	9564.80809360161	871.124251480420	14.9906486407380
4522.66966603916	26134.7420993117	955.103571273645	2.01027673495835
2728.90169747560	17075.5181361155	916.638045923840	14.7529584123322
25733.4031146201	27733.1422852649	993.425963728674	-2.82898294786041
19465.2498036750	18356.2013570369	868.051060068015	-1.42517691529044
29202.9916299538	20912.9033916993	882.268927768635	-2.93179258027959
3714.35628102250	7701.05689870414	860.850172927410	7.27509416820039
8979.65217877821	12740.6739850933	879.547750405733	5.09672985180444
1894.34082798325	10403.4710743531	874.256953522954	13.9861357768316
22979.3865616463	29806.5921640971	1081.38816829068	-4.32146478011318
9710.28035902928	34079.1358107646	1317.35305012097	-7.98031060870737
24819.5604825684	21826.7561445609	877.646522491395	-0.988908388033634
4560.34324663253	31229.7717692498	1147.52183694499	0.502200056805142
18339.9045861335	34331.5947900677	1363.54435363369	9.36764198877349
1606.15399796968	22644.2686676668	948.187706502938	9.45281450952698
3545.69907905600	27958.6477855162	965.153962076213	6.82431922542333
16412.7281450365	14170.6055360908	862.532340004038	-7.29828639810366
24872.6226846433	16882.7550950420	872.065467591619	-7.87365541972930
21047.1242626199	2236.23257518174	1265.45370473022	-12.7435840001983
7172.09416547728	28102.4985786523	1214.68921931169	9.62442854424756
21657.5284351641	12287.4849586743	908.132826647326	-14.2875393993300
24470.2539661137	29724.5357564595	1079.11304207639	-3.68584673222859
11019.0034506154	34713.2525733921	1358.85740112793	-9.92706589836465
28167.6026064335	16951.3384062116	885.345492306175	-8.29436876240805
6230.78506443184	12472.7608375155	887.655279537355	13.7326195740676
8445.70021651898	1902.98797639652	880.198262571152	-9.51279567893121
20815.5489102649	31992.6971007493	1188.23027864776	-7.15444641311240
30388.1520054881	24673.9059477440	887.954422330694	6.22823225486646
28653.3930758419	15332.9261697929	918.481552759954	-7.22055781758893
20652.9446301556	33883.8158853780	1237.62336784084	2.23798887326266
80.0744423509764	25333.7293354716	955.912084747101	17.9715457799927
33058.6215206929	22988.1157688199	889.879465955339	-4.07422085238336
27736.6915504018	18017.0056128542	878.975989549027	-4.92299620137014
13976.4950243049	30696.9690122671	1279.95987393081	-4.77727644428890
30570.7324350032	2106.09562430459	1376.43219669238	15.7076367386824
23603.8714063751	16501.7176448353	871.369561163008	-8.02801064287472
8482.79620735186	10885.5800878367	873.038375260871	0.947991486127874
5895.56533835720	6814.25751052039	858.415960135564	-4.24045563503816
30139.3680479842	5286.73386040958	1218.95090384015	20.6932236119722
11432.4350855149	31549.7141736689	1289.84522391368	0.918914588960138
11380.3092901717	2473.04033719472	954.918249761532	-8.62746449520975
14006.0697296803	33543.5700933952	1376.50045506626	-0.863051752053031
26722.7141691967	24496.1408852178	889.930178383036	-6.65405902293887
5742.37256309542	420.338236092954	967.492955104627	-10.6367306627670
24090.1621947229	170.813976168628	1337.99391352282	-15.8961924003341
22516.0816551011	29865.1989259409	1078.27502738816	-4.68438664796067
28747.3734017733	16355.0721059605	901.049733856140	-7.88037676723973
13249.1425615579	29285.1530607236	1235.98414220351	-6.09559282976245
3916.52312694020	7721.86824093628	861.442549643177	6.16692957377599
30081.9146030688	28208.6175508168	934.735676636857	11.6463682634085
24961.4087218096	8700.28042593185	1025.41386671616	-9.41139361229913
20125.3610415938	34939.5414027738	1288.89109496560	2.77018495580603
25939.8262236080	32826.4169953345	1186.07329909252	-6.68650697927584
26378.4755698227	19388.4723673233	876.344963495727	-0.329256380453351
19428.0838555370	31944.4098575245	1174.82142180790	-5.52463643376546
28031.9290659636	22242.1477679315	881.345583451275	-4.42118406966303
23462.1093792106	27303.3506324643	993.440053194249	0.155909467133879
18728.7618338244	19852.6362033920	881.977912698270	1.93207648036734
24007.4140753173	6711.65834241203	1098.61127235357	-6.61731472520023
33431.4343859599	31718.6916029870	1113.00496513957	13.0223773061236
21971.3301713475	18019.9746235337	871.157995912214	-5.38226864270879
28669.6198782145	34964.1708861957	1266.06179714665	-2.46062590905639
6613.78664290282	13206.5032906418	891.941040074297	11.0383007505177
26301.6400446664	7213.91923410920	1080.64129583426	9.41341238478852
7755.31748214122	25548.1345953651	1010.87637185721	4.25567689566779
14575.7434590678	10970.2485656027	860.501571136473	-2.77434582028131
27680.5758864069	4115.33239766343	1213.43125857356	20.8847720641684
13998.6652605149	31101.1957540048	1299.02983528627	-3.67628265741914
1578.82370487197	24259.3014308106	956.309793382507	6.05380179266608
7036.58695949395	32896.5049532895	1236.33503051777	0.0299347019366858
1500.19926544762	14600.8560975910	898.858275963135	10.9571928810500
22370.7120511739	28551.9797569679	1028.24458906085	-2.50307290513656
8811.55175777220	28169.4940305812	1218.90561458665	6.95475342664822
14695.9382438628	12614.1496956895	867.019175767960	-8.05401354182579
6014.26835679427	31983.4950018202	1193.49401935111	3.58702273818863
30955.9553188326	10091.0541376664	1069.54431035197	17.2514654837654
11935.4938606456	5775.06516729505	846.732991026732	-12.2891152694489
7179.32543962506	15955.1878556136	905.448369595899	8.95275272039967
27838.5403062279	8498.60604049163	1075.23858827989	16.5070319166801
856.449416272569	67.2718393700900	855.906295431845	-0.881618425429197
1392.28404713611	21537.0006756611	940.513505872303	16.2494535662416
18543.6522581599	23142.9751233108	933.682132178936	1.33439386263155
32667.8462380699	23111.7749832528	889.430728914589	-2.49409548524434
21077.5112799316	23816.6310347881	926.014242858659	-0.136388898920665
21041.1854666960	29772.7385484542	1084.36072577318	-6.46915879306375
22535.3176349233	1306.00639508225	1347.82416969341	-13.4814386163624
32267.5701702671	23827.1318600188	888.566162099050	0.813802468266257
7674.00329028813	19989.8160422372	920.017302054145	7.93885678621938
30971.6534678227	24157.5171371104	888.781208727070	4.34586989746148
1708.76941715246	31344.8255137685	1095.18714102323	15.2733177062777
28421.3909393663	9340.18023497162	1064.81481235485	14.7731550353714
1140.71272981553	2399.41129288734	826.325525912863	3.25604507678858
14526.4864063826	10976.0511911904	860.682168232456	-2.70127683663502
20813.3295068990	27621.2830537246	1000.38827288503	-1.81724562625405
6887.83481340591	17441.8938073346	915.578342833131	11.2481437788254
27863.1924316648	15296.1459313788	909.880077556472	-8.90911265549005
7384.58760247940	5894.19944499029	857.237105934954	-9.03691911843011
6104.47314779434	9259.69368337284	870.748273208910	10.4212269884828
21484.4622749467	23935.8554174037	926.467965982733	-0.319153243819970
32936.9757074017	28582.3092286117	936.557275746719	20.1272473054770
23154.7731269740	24693.2346471741	935.658228746524	-2.01280124622352
7521.44313078998	20178.8612473744	920.277176241041	7.41211283154008
31975.6430152427	34792.1872536113	1207.61628444354	20.4597692785630
13306.8862502887	16141.7644461041	886.409312766701	3.22831311908534
1224.37997293162	17267.3637500502	915.235182575236	19.0407660163824
7957.07846406015	9588.58905851380	871.850783097090	2.77694966532781
31741.0288312275	22928.6010358268	888.455562522200	-2.59152225072259
30414.5823277896	14246.9982343216	957.500147621225	8.49541851233739
20386.4034104676	10498.7098405891	949.176449394792	-14.2570030292188
19627.5194622449	21190.2450203910	895.993226405495	1.22561071638264
38.1020990404873	27691.0645212429	986.263883116074	23.4221926948975
4440.17396426892	33981.2748757685	1215.22807391737	-11.3214902858470
7512.43385886179	27068.4339560813	1104.51782387285	5.39498974154204
28938.6870685757	20999.3598390657	881.882550163937	-3.15172248596379
13566.4998665778	15717.4021474537	885.111902286323	1.84488029405369
11132.6414182943	5371.54695565127	845.395687948209	-11.7272075721270
9162.24873603461	7393.15510974241	855.639190134999	-5.21207905512452
10378.3394012404	24512.2164451636	978.510328755086	1.07761932570715
14986.2315122067	33466.3765150711	1394.63779364967	3.59333749638989
6734.22107120324	22241.4032711151	939.090568816254	9.13613753381287
19861.7419053600	31194.4906483698	1148.70840841786	-8.54168779635034
23018.3000495702	7569.97547943181	1073.35590801597	-9.66413099981927
23995.2804060839	23924.0296912786	919.318126132623	-2.69266344150821
12380.9136896847	11027.0516791493	867.873452243413	-0.782387573047616
33487.6684201324	888.530309413542	1426.97213697490	9.20313618357986
8530.85020397981	28708.7163319173	1269.43539673568	8.67829260404153
26189.5099531644	15143.4044692591	894.142539773327	-8.90047441497459
13657.9636259499	3104.73144046268	1014.47669771446	-10.6823564790093
29566.4821289391	32727.9397008721	1194.91223119391	14.7305399526619
13019.4393068470	13677.1885600702	876.530385727155	-2.14443790716442
24766.2095270869	20577.6076259267	876.948259714710	-0.883775615459827
12097.9353018858	8394.25794746095	852.835832617614	-10.2452354162572
30700.5267348225	22874.7751645782	886.566248050070	0.961934466919179
26268.4770916444	12828.6369269774	943.170906090140	-11.2196271227902
15204.8866902805	16843.7476412604	884.378106455286	1.64313649197072
14023.1244286061	14058.9947524979	876.407647561818	-3.98687512577662
13052.8247259892	11682.9140453389	867.981908546996	-2.89623015925010
15513.7603376228	9365.48789439634	857.178756104497	-7.00142416230525
13310.7591241404	26874.5037273841	1058.68172021766	-1.72765217692819
2544.93548351342	8413.36716313900	865.429835290165	16.7698586440821
15409.8270039757	33644.7006554161	1407.40207325121	6.65831431691017
21228.4370434012	32324.2941485881	1175.74168153812	-6.72578012024086
10667.4456574855	9598.64195520835	862.907791118965	-0.555415307949939
14232.5314481256	7814.76433037612	906.167610167255	-10.9248068845553
3535.41320970373	8824.32470087576	865.883867273226	15.1050962050398
16690.8049574521	8644.76971041487	947.925535941510	-10.9085852966382
10234.3619643724	8385.17319496327	858.744281191352	-5.78283694897710
569.889376783139	14988.7836281675	900.742044245237	12.3227619879463
30954.5499900325	28907.4060417890	968.528155821427	17.4781826000634
7360.87263600128	21601.5184477834	933.234052395727	8.94808228048357
23927.5504362616	6785.60407958060	1095.31920365370	-6.65164231186623
5403.66057762563	28282.8506552147	1121.76259904430	10.9641787458475
34101.0555400590	34497.1967989229	1137.69863743258	17.0506880305760
17593.1822612171	5201.08569509154	1033.12205681885	-11.4879842320083
31199.2867774995	29856.0782814421	1037.17076084691	19.7602935493854
25427.1879099602	8351.06826521245	1040.00744085126	-4.47788899226377
17401.2876022845	14592.9192770890	862.916043167346	-6.22674886218068
21252.4985978786	11283.9965821471	924.727081364252	-14.2975741889072
12225.1084202787	15191.3523740687	886.748519131834	4.66521925198615
18417.5096298461	11459.8299072142	862.934952737497	-15.1462718846586
27892.0314501681	3463.90739230043	1242.11837989303	21.1829136285579
9578.65748806655	23491.1039941057	934.232603421514	1.57236938115180
10243.9258928300	1727.55435320788	951.289616209127	-8.70582451149786
12185.3159933092	7034.85599145193	849.100226384182	-12.4176364269785
30659.0503984711	17469.7924543537	902.390020604927	-0.337855869120853
3266.17025497373	9639.67612923838	871.266352438725	16.8090164187259
7233.81424192050	14686.1372920468	897.233895794241	8.72709919544917
10596.5683852096	20894.7508694789	919.871329101632	8.14351779359633
12303.2838125003	1720.07183016813	1035.50181364384	-10.3372702881607
25436.1625544456	31033.7800708787	1093.25955581727	-4.10475600863226
31021.3845560410	30040.4708431108	1063.90507409015	18.7608554574591
1817.41666402502	2977.15425162908	827.691737921907	1.19735121771194
2749.57134720009	6209.58706287841	852.120695813982	4.47172158995632
507.011965862635	468.948228118863	843.628222180817	0.126397102353158
6766.90448110309	20649.4902613255	922.234171200886	9.47416907381956
920.124790454797	24775.1697725248	956.902934770255	9.66597944751537
16406.8047682319	26562.2895777836	1025.53297178527	-1.41165885814192
8518.39165372711	7488.99527948574	856.143262087863	-3.07342760454609
32197.0903083563	33815.8544092929	1157.24186811340	19.8314862853064
25054.1773499648	16953.6140348131	872.932282655014	-7.88507476610169
17102.6007055068	2186.38353768947	1154.80060038102	-10.9306948055252
2732.59901336832	6246.07192244954	852.368740267962	4.43145538110575
18552.3138361120	11839.2184071544	862.403744670150	-15.2245677220136
23311.7629049573	30816.8768269765	1108.75917749941	-5.23040551792615
21269.9416036102	1495.21917510938	1306.18553328735	-13.0716467111693
14684.3019084490	12439.2595746210	866.393609637149	-7.27123232886473
3877.91761989069	22425.8763651566	950.011334744012	9.11734590958106
28581.5054274067	28975.9297616774	1003.64987677865	4.46194960842192
8725.66028484281	1561.80551019037	906.924828566419	-8.90800497688041
17821.2439663776	27678.8971958962	1033.53686656636	-3.18430200108837
28144.6435266291	1790.27313813940	1333.07935288056	11.9743586343199
17844.0510735192	10374.9046705323	888.001465042012	-12.7778833215099
10594.5001171340	9524.98334301524	863.046666068976	-0.560829326059069
30167.4317503577	31970.8834015533	1175.32896111295	16.1439448264152
2008.80113390551	21191.3483379683	939.862084596315	15.6055158315219
25576.4889892949	17577.6107959158	874.513313917537	-7.01686877232239
31530.7892773287	25781.0157052310	890.947128850289	6.68432369258529
16241.5179132110	3924.31093618841	1112.42931824672	-11.8740824396742
16427.7389521380	30957.1459628419	1202.67281385402	-2.35977163972086
5383.49457232163	18534.2736381071	926.299393455415	15.4698198674427
33662.8221896686	192.287256191556	1480.78818933727	6.53458674721825
30668.9136699490	5700.37699046734	1207.83701409679	21.5492344317837
17102.0247124899	9181.41183922028	935.276678670721	-11.1427393294812
14247.6786600398	1360.44406269215	1118.81309832807	-12.0530862079473
4430.17098080135	23872.2564861072	945.134549716680	6.04999012810105
32389.8848345280	986.876243821859	1465.35071599919	9.37844704256095
195.339279444454	17498.2222551638	915.413985517805	22.3716725265240
6523.59421805553	16824.3227095817	913.636697573126	11.3487565787930
11342.1360891109	9748.50979832869	860.106089170239	-0.611465074675819
1756.53123049941	20667.2099370446	936.584596020058	18.5371221261548
5058.79000556602	10059.5581884432	876.786985865891	14.8174042160830
25527.9302420083	32198.1211640969	1137.30443686727	-6.23243623429793
16879.7861440328	212.234573587173	1240.25550982398	-14.2835169353369
11832.2662024947	19758.5632395060	909.557743726529	11.2482606641957
8286.84662313443	12904.2312449099	881.173097253767	8.10207883092309
15780.2122346430	12997.6265069955	860.404961614641	-7.81585260336503
6490.78463688161	741.801244192761	947.449045218208	-10.3765066942475
11348.9183924220	24053.7724944459	961.830222644304	0.586462689227039
9239.00189170667	19409.7310345780	916.526354238308	8.37937293496354
29052.7010796703	26790.2526758140	908.067803669927	7.94937780226281
24372.6016327655	27696.8635849934	1004.67111288365	-0.405337202824175
11673.8087882224	8629.63011946663	854.377791213457	-8.68682227621654
20308.1372131642	6993.23278945637	1077.39100862527	-9.95756190811433
10074.3371319411	12842.8670362014	877.970816030361	2.29794256273475
9238.97312951983	25185.0208663522	995.035016576403	3.75084766905167
9096.54429207199	4387.76873967316	843.345745669654	-10.3980917376735
23697.8012451198	15046.2982546540	874.315146193521	-10.8433677855376
18193.9292225899	572.372035196286	1239.18082616313	-13.8445649813544
2686.38071051887	2485.70553738307	829.083264078662	-0.974890525808523
1954.58392620896	24860.7135879868	960.706828884190	7.41328086128171
9055.49118051311	28103.1737744352	1189.99279740964	6.22590956538586
15397.4596589840	31856.8817572142	1322.70281134366	3.31674717780920
9950.11907400377	31924.3293345659	1264.52114616201	2.83082418827185
23756.8747473945	22033.7662065662	876.238269543110	-2.00897818524240
33235.2841685332	4602.28281658271	1237.29035462623	20.3081255867926
27088.4281260183	2174.77775472827	1309.66719718632	10.6204786916347
22264.8653026028	27214.0338821134	993.880708793663	-0.418758747876741
26375.3514569147	25975.2328989197	944.449055702918	-5.43713121817672
26138.5811533160	21907.5231773355	879.447434052891	-1.83791996839174
20511.0903780522	25518.3836836918	956.202162969320	-1.91004632476392
27056.9717497692	7105.50258469335	1097.64538600771	16.8450362418235
13737.0890394593	27824.8182258316	1091.40297653802	-4.27909103290497
21185.1541675539	34109.9909487385	1258.25709332909	-0.0917292803051728
8660.15058326556	14705.0456153986	888.473661398568	10.2329578610347
10157.0768803202	8600.22064932808	859.888121198918	-3.58642101948209
676.640885311498	16804.2703505266	912.212905885017	18.4463378864611
12155.8384699508	23414.0348096480	939.483884146956	4.10787790013935
4962.85131092298	29833.1525502895	1115.27671594597	7.11230180703563
14403.7148035291	33086.2916924966	1374.87928290088	2.40147730995638
5357.39226114850	4505.62921705170	846.087634753127	-8.00683233673917
29015.3119729520	24382.5838595532	886.183752230234	1.78264831235767
25871.9834967462	2802.94507541101	1263.46097618745	5.67006626594789
3460.46072000511	3624.69279062156	830.593967502577	-3.20407789549070
28722.1580957059	4591.94272532700	1188.85230859016	18.5640793323414
7948.90632167119	18026.9389680282	906.992981296627	9.73222601517116
3742.94717503510	16862.3379495965	916.291158138840	13.1570157683100
23197.1586073133	15605.9190952870	870.520328875786	-9.12547215841632
33410.1637720175	27936.1916437429	896.116738003749	17.4172986626310
28509.7560728600	18512.8386406398	880.812528186813	-6.21563903762241
21813.8474190846	23409.5305742303	917.536059377394	-0.127934104639894
11489.4062639339	16916.8155596584	897.506098603672	9.85342048783078
9707.88006021749	11644.0451731068	872.858068652111	0.279515624720521
15203.1900607992	9058.05786064614	863.096413449762	-7.39767814372051
12260.3440550121	34079.5948135036	1360.76477679362	-6.15766734495861
30721.5716431368	9252.61031945861	1087.40057667512	16.8606320948083
215.407265892361	27647.9297459391	986.149071652036	22.5579696191662
24375.7231610454	17397.4122404904	871.741642492454	-7.76357827915220
11832.2087595565	11227.4842774644	869.488436347461	-0.654669695667127
10674.4284531238	21569.8976111595	922.065288117040	7.13104947265509
22683.5244872296	241.295246457339	1368.57027790051	-14.5587068187958
32240.1197001446	2202.67787874751	1379.85912172769	15.8602830311207
31257.5823383478	32200.8738728054	1169.11998330442	16.0910609069669
34901.2764714463	31715.7293062570	1071.00651389238	11.0620876037991
2550.93619377593	29103.7993858347	1035.62961562734	8.43742420867834
4536.65183358391	31978.6135740932	1165.79528698511	-0.487565681625760
34354.8880595528	23770.5177366336	893.330942399567	0.0859638710520747
3158.48011555651	27197.0509400553	971.431658564644	5.46382862555437
24015.5530401051	24278.3781237120	925.329288073989	-3.18078517640803
32513.7680452752	6959.97644319631	1169.41730447960	22.2243091770808
4963.57298328294	15833.5893289840	910.134451956471	6.87131286472792
30954.5478817068	27611.0362114410	896.483345817522	12.1038831041045
691.668645156426	67.3591321151246	854.400896359671	-0.731712651732722
11994.0063819360	19445.2159027581	907.816382462652	11.4327200679581
8340.71306428041	15163.6902630190	891.125098860389	9.56968682822209
34459.7400337061	2044.55810585210	1409.00680040283	13.7312848782620
29630.9265741066	15468.5947237045	923.036224670818	-2.66898570717615
27807.9058738231	29385.7787579730	1038.57661258193	-1.14423519833860
31509.7323339045	21638.9836755050	886.978978758539	-8.54846774872911
27303.6651552803	25955.7919943235	928.325993301052	-3.17037739582087
29277.8770076362	32747.3090531229	1214.12227177702	12.4441700585113
11238.2642555646	11385.8505111939	870.166768952646	0.278348014777504
25996.0951565585	26109.7005384040	952.959510204671	-5.19274277016375
23257.2999748793	30551.4378426607	1106.43816166578	-4.81198243266617
10121.4291710712	15165.0068182713	890.567901758908	11.6771077216563
11808.0281542231	18254.5881859574	902.645293171713	11.2652174321008
31802.2970711404	22843.0740818544	888.450883091739	-3.17099158907241
1128.78431544542	16415.4010126880	909.879659347490	16.2817270828470
24372.5204784483	6415.47620067439	1089.73760656398	-5.09168801943721
7306.94355611112	7910.07657168725	862.750854298414	1.99249115881798
28845.2274714778	14418.4398260580	940.777055821255	-1.40378629488057
7638.12923068912	535.209768317518	967.963144179382	-9.29374365305790
3487.48060365648	26273.4643455760	964.490524826780	3.19844115455388
21682.7035756038	2174.31959042468	1293.50125949350	-13.1990774501213
3633.51739278871	15108.9528763576	905.789878066057	8.53412662977133
27967.1631256373	18997.2775956289	879.576450014133	-3.55064830950870
31602.3791749029	21355.1992616885	886.988567429107	-9.69630220866805
10937.9496095333	15268.1960552873	890.636443095235	8.70145673798203
9855.62081557283	2837.39952646625	886.817051232517	-10.0278341316738
237.367944382068	9938.50333065645	869.536381407705	11.4116628462203
17355.5082983375	2562.93815223969	1122.24730595899	-10.6539520425321
34596.8785054300	25549.2143079013	895.661561362717	1.56957323867947
25827.9263023432	12123.1286026178	954.920459549988	-11.8107618048061
10875.1936087049	22827.1844459074	932.184725859300	3.48742642561722
21014.2625122903	16861.5108087613	868.352459093316	-3.95657032226410
27358.7939331390	13390.7773380577	945.962989356037	-4.15802299624741
3903.65936397301	11441.0044072288	882.643436613340	15.6255843853647
20276.5251286117	3606.39711132628	1197.81537376502	-9.75687799261271
30462.9927109102	12964.4332757427	991.357935960074	14.2917210230430
24142.1687363893	13210.4538859115	914.951619139895	-15.5915226224794
8503.95878225701	16862.9412271877	901.400263924546	10.1289836418014
11995.2788154416	27846.6847007088	1172.69114646733	-2.69883106027263
19090.3925791399	24198.7793659785	946.588697447521	0.367337637176768
2365.04424412607	29742.6534528471	1070.82612785894	10.3890863385848
14365.6939894491	17929.8884063784	889.821148604773	5.74680365221116
8312.89890302877	29926.1692953067	1202.11766514132	7.47132244335973
17114.0744748655	16290.4541365834	864.750147093254	-2.18532920735852
28212.3305905626	9269.70092172524	1063.14353437715	13.8926816195627
13224.6783084913	22031.9474805491	910.514297303082	8.31363042327740
18129.2350577586	19695.6941629672	890.117132434980	3.14624426479162
3310.92612707331	18940.4763675710	929.213624729923	18.6368443183389
31818.3317497442	13765.9003761466	973.935875179474	16.4227365831868
7267.07078990697	14716.1829943246	896.724003116025	8.36649251269766
13372.2583239185	4799.26922070464	929.685592271379	-10.2789536224910
23109.8092812540	10226.2257473328	973.219995939372	-15.3346090969576
26543.0655797150	256.312461461756	1458.29410648933	-9.74058298719463
6057.42943372336	32644.5428671777	1211.55409332145	1.17025171570556
18108.2916527214	21324.0489379410	904.304298688023	1.64584935405662
34836.8339306213	31214.5992839198	1067.46359802175	11.1505175572812
24766.3292306748	14728.8694100041	888.013640620245	-11.5636079788423
2819.85553233758	14006.3470404769	897.778782855998	10.9842753852922
1515.78337312859	19387.6941289112	929.247858540196	20.0097940999493
17190.4447044491	20869.0803387771	898.255400811797	4.60996606474001
15630.8754059221	17719.7587386746	885.962265899614	3.98380215882940
17037.9498045871	20552.3369604777	895.738805986812	6.25287520766209
5806.18927298697	4648.75901572016	848.249336047646	-8.71127118458469
12622.9776684589	26655.9293973907	1060.17414754258	-0.282268806955380
30825.2679617300	22790.0223915629	886.574195039793	-0.196666402587399
26052.3262998670	12288.1453845754	952.178663761676	-10.9654383068868
14586.9867821808	10940.8732245002	860.320955013701	-2.74589532956899
31757.4182966339	9598.76840813545	1087.89558698810	18.8725068692757
3300.74058200356	5233.57581772983	850.004852301896	-0.749664148208979
6346.41913563506	11702.0986855170	883.536069717793	12.9831478610173
33130.5531264121	29156.1917764523	967.007593174087	20.2850947211520
3529.71699011334	8175.15163620488	862.522071696406	12.5858079090925
13581.3324490972	2423.43370729377	1055.30304019115	-10.8753183181780
10122.8701708745	17315.4509769981	904.536514646786	13.5770916906426
2558.04012791575	4275.29697980187	843.575862980409	-0.122004683089453
6811.28019029791	14091.7442833177	897.715102333113	8.17502860517554
14611.9830886149	3192.49738531781	1099.97224586747	-11.6392507380137
10252.4295700379	25219.1827940923	1005.18978533242	1.79374068677449
24574.8479126937	11982.0018040558	944.437346266663	-17.3971602175300
8389.96122773628	19820.6710125370	921.387823484848	6.39062628517235
33581.8917247802	22907.9329880168	890.910367632906	-4.35194501019602
10691.1770807492	22837.5403821859	931.441022491528	2.46750946814504
5422.04103745795	24529.9848596080	952.622986728974	6.98542052297906
19442.7946763392	10538.6570338619	926.332640464605	-15.3258152291809
27669.0291189281	2991.23349667078	1271.65284996996	18.4575029775115
15535.5302755745	22170.2496788371	909.426664674397	5.25365090149911
34853.6552604623	9325.21153707570	1094.17726452322	22.8128708993194
15280.5344356894	31298.8122742043	1293.13813332652	-0.545383606030296
10655.4410540581	10509.4139617164	865.014225887307	0.865595415410608
8627.86193208701	25026.9923759040	979.863818349650	5.07150312270455
33628.8838079097	11562.3309646780	1042.38526188097	22.5559476836672
7800.83354535332	12770.5640777266	884.020911883923	8.66275395330801
13846.3213513180	20732.1839259962	901.624596865620	12.5760391002346
7858.35936676059	31681.4913864162	1218.33614227530	4.52112960744308
9450.86341554234	9258.50935923362	863.115698364645	-0.606995160164763
14645.4517650906	33243.9058324295	1382.91795164086	2.26886946003917
34920.7592920663	25855.5142765715	896.168199431295	2.39163330450143
31886.0641375773	156.140181475776	1502.89556013051	3.87254409915045
19264.9411050613	29775.7865865398	1109.81062013069	-7.75759774233213
20871.7535521733	24345.0265754338	935.556591051265	-0.691092810370612
2770.08337560176	19685.1242862008	933.110041373864	18.3867463914123
20182.2613086692	11820.0639684208	884.733574332558	-15.8146301693987
31436.0309190073	11647.9771793301	1028.12547713915	17.6642916368719
16215.8698540771	2706.29756816034	1147.81593624880	-12.1152561958708
13943.8749405585	16040.5325868327	884.087640708995	1.55907197018143
3656.13901794370	23001.6523260477	952.962196841561	7.04282134238746
22828.2736037549	20018.3845924269	873.317760411193	-4.32332518079741
34709.5001873761	14073.8025350282	971.522440315699	22.5841294478379
23732.5485590653	32714.5409295537	1209.92289606507	-6.58796558978889
14996.7157771848	12618.6981059779	861.536736881279	-8.14165984632506
22918.0462551557	33169.9903133836	1212.76726751232	-6.92127429049692
20606.0935011763	1054.32526273514	1253.99968448390	-12.8363558135707
26076.9218586726	15438.3833665805	887.906101320991	-8.50281519918901
22430.4600859418	24524.8202454754	933.139402245409	-0.711312389633393
17628.6665172458	24604.7485772964	964.703662987453	1.04101020327034
32831.4516531818	17855.8293671577	908.593090453052	6.36739581338138
21187.0253217520	21428.5360449684	876.289066831003	-0.448553288620503
22362.3311862896	26122.9130381754	967.987771590607	-0.330761748996346
24593.0094980489	28050.2463638196	1012.48433884691	-0.645034301590922
30133.2181186343	11785.3742547859	1019.66947335522	14.7502807491203
13288.1846070468	19743.2552133149	901.214511021302	11.5173385025637
24924.3009191882	29934.3124644623	1083.09729109761	-3.51357035559305
18323.2152431496	20620.5511159968	897.466027143813	2.35328894804332
12722.1303577888	17788.4418849569	896.734402461449	8.92874217579946
15213.6555591102	29870.0675058873	1195.08605781811	-5.66089386022667
24065.9167536464	23932.9419721959	919.161977253746	-2.58367135482418
7939.79010699141	3721.83896185229	838.534597370729	-10.2996517844804
34265.1261739872	17568.4890257466	915.525064015758	0.778162514719454
34148.4828702455	670.833290409792	1421.02171905950	9.35421473170027
10132.9830378052	15491.3284115591	892.246135533453	12.0772412742311
11845.1661864523	31751.1400869136	1301.18565590678	0.0558829056371750
34875.5632763382	1563.43683556442	1428.38043928716	12.8214148227816
27613.9684430791	33081.6781495453	1105.16151111408	-2.15151607685677
27822.2541789121	6313.31258917226	1131.57260158608	19.6042743725726
22132.9105804922	12946.7851113215	903.801384363230	-13.3129307758295
28400.7774951704	7183.36788233809	1117.22473767097	21.1205527813964
15683.2637832815	3345.50456945138	1100.93940245042	-12.4203171126232
29071.4743415750	15145.9327179586	926.254387486686	-4.92018151589338
4433.21599912837	9714.63294397570	873.140351392699	15.3587481693316
17964.3844739859	3530.03734596214	1092.23502777083	-10.6145042397798
25057.5938323637	17462.2159060848	873.303341418497	-7.18333659457763
8685.12235277500	8366.19257338925	860.060954325604	-0.0934740486417630
18616.5113809140	12236.0465914422	862.566009324788	-14.9439579331876
13377.3389027803	19539.1801602929	900.202788295847	11.5399213258937
28061.6435040563	19182.3418872490	880.180869540342	-3.48242853113756
23480.1269966248	14744.5875689589	875.532082834033	-12.0546969121899
34400.0714608134	13492.4883135190	986.866444723018	23.6472349998303
32788.7465020007	13323.2322712904	990.064292974435	20.3275454074610
20169.5323921713	9825.49270049816	977.042878813259	-13.2503121785593
2806.51654605303	6296.93344877456	852.576852567657	4.35041911621725
14483.8694737954	4454.94086770397	1004.57203677910	-10.6479868349032
6329.57585652817	549.157856735978	960.040929917651	-10.2741444643261
34847.0915531418	26358.0789252116	896.322607178190	2.40651886506209
18213.5168022380	17673.4315713178	867.290367436160	0.305522029946725
30984.8943424431	25273.8583923349	889.506646866495	6.68599151431959
22688.8032500752	26638.5281770497	980.000336635875	-0.0299935749724366
16318.8756628793	9413.21078525280	874.796554831945	-8.60546123186471
3334.83069532569	6776.76939300395	854.992348485468	4.40422150088923
33873.7279843344	2245.20763475663	1396.07196761822	15.7736395362529
21703.8993281469	14888.1011081793	869.495367881727	-6.11882369136765
5460.11049118617	24575.1446173935	953.861992087098	6.91197299695337
13942.8472448837	34206.2225801832	1391.63169253962	-3.68275434289637
30887.6731024614	19305.3956201386	885.610267041912	-8.49323167345123
18865.4872074889	1533.23718276702	1175.62983413221	-12.2083319617608
19028.6624163187	20375.2069809987	886.901993239494	1.78623068318631
15485.8381945637	9743.15072215699	854.744692984180	-5.69834562691710
6431.08502592524	18976.7987151359	925.363887147822	11.7172347220431
8723.07792328049	15516.2312681495	892.010537514390	11.8144986043863
9978.90432229536	4102.19005541498	842.630241101406	-10.3389292358363
18532.8328297414	13297.9427255305	862.373764301020	-9.61883620348566
19594.3080828973	26769.1509792858	990.091072328099	-1.95018771765758
14530.0988727063	32142.8902122953	1344.89385035512	1.72084747035021
31698.8112805049	24244.4669470195	889.370658752202	3.04430065666602
10680.0115127171	33971.8485374821	1331.07378699906	-7.14334812258158
22741.9387827543	4415.77383005485	1193.89490145825	-10.1908691549087
10107.3681306058	22624.4859932673	928.866965743725	2.42717835084584
8933.80076333844	13539.7484392313	882.772314236085	8.74868063076536
12536.4088456559	19682.0606685447	905.180727528267	11.5843620915351
28207.1129128745	6942.27041466278	1120.04540326412	20.9318531225804
18862.4294575625	13787.4210330774	862.568305892733	-8.37472756098141
20652.2264687212	11908.4791223366	894.575598890338	-15.4965706205343
8089.96094836249	12476.7219476630	879.278912471199	7.38098385636607
3568.11877241867	13056.3961370877	893.067851958166	10.1331205830622
22562.5571269935	4037.74809358279	1209.76477028076	-11.1606165034012
34304.8554348284	17542.3415363121	915.941562968578	0.892691078738884
3560.28466223719	28591.9487212668	987.314434110324	6.92204527528503
6575.31445881781	12022.7447962476	885.143334846127	13.4889505570564
328.487547278227	17448.7668860852	915.480135931247	21.1289439479251
29340.6191973597	4130.83939181159	1220.59689767849	19.2514747276713
16846.9828981952	20143.0835665723	892.975365606900	6.90484302231603
16398.5666395400	18041.2485987597	886.148918086015	4.72954693566188
31799.2333757066	12434.6838062323	1007.50501463021	18.3881563456896
14600.1620753687	30217.2125964920	1248.11738620750	-5.50869234494901
19044.8302085667	12040.5243391013	864.550950316360	-16.1114328582770
24465.3101648048	15990.8483497165	874.303473109842	-9.09579473308083
2766.75894537645	8333.11191197843	864.864353415017	14.8900249861167
17829.5553015112	26990.7078074566	1018.95875793225	-0.941586879762012
17041.4404605092	9569.15826584875	899.859820512061	-10.3386048890836
29955.8099105273	18375.0739538644	886.968539592214	-6.29010385819854
21504.1669709688	18588.9710443130	869.514268563056	-5.29879576919532
4109.53387030230	30568.4465272114	1122.92643737314	1.63735792951738
21240.5528645327	32816.4561805079	1198.96592594406	-4.36823735051850
5746.29345119494	1705.11180014645	896.392094146099	-10.0106251723803
13965.8934379770	34259.5719819398	1393.65577474884	-3.53021779858718
18632.5071334761	22131.4052348606	915.888618722644	1.05966010889557
30632.3858883518	2542.18342882373	1323.46602524531	16.8024407319122
23066.3475833389	7413.84041264959	1079.34488069521	-9.22947094693662
27566.9026437841	12596.0528173902	966.852642354350	-0.375629625666267
4410.87513649194	14933.8448028018	905.177160263239	5.97144150495876
18374.0960710979	26535.0881119382	1002.34736112608	-0.293032758995680
31481.7917800112	32051.2768343190	1149.61099673522	15.6483905639450
3817.95441883951	22040.9052379591	947.782196066346	11.1265632314457
22209.9953589987	33456.8189403210	1186.32158886876	-6.15811670932106
2829.61039723015	26429.1452995582	972.709669201915	5.82589876641290
14393.1270092736	18413.8910379198	891.253506823619	7.69939687670935
24942.1865561149	29753.8849275745	1077.37840291454	-3.43018914293355
3514.78384903130	28561.0823686873	985.280345422000	6.99204476523672
28348.1385274790	4624.56648189361	1175.56170247602	18.7513026186578
22323.3252254356	26625.3458994716	979.882685146441	-0.333383926702060
31432.4122722091	21603.1363838658	886.935283543179	-6.82093531058980
21763.7417527752	13917.6526532728	879.556430548562	-9.88410971582095
14511.2620458325	29444.5194395883	1198.95557138490	-6.65540523963045
22664.5341052151	1341.18974982205	1342.07468792039	-12.8654926562377
17124.4120294702	3367.20748140688	1139.94453252308	-11.3663142380717
3281.43589099624	33183.5782685914	1171.43911528076	-1.06961290290582
22306.3076755782	13860.5465086507	887.149135826260	-11.5212032755189
33259.1531463985	18629.1734231538	905.720070458599	1.94199046752284
16673.1752484376	31627.4867591522	1227.88344560261	0.419038878917008
21098.1748010445	11901.2334400166	904.464995937064	-14.4173567319768
20701.8939549333	23236.3475722443	916.986531768778	0.750575877227058
7884.16091408062	25457.6372759981	1003.86580876736	5.19514955801315
23395.1573448159	7805.47601941527	1057.84756699686	-10.4614192200208
5479.31015447377	19440.8911151295	931.209422288997	12.5106770425659
27098.7992979359	15933.1434530670	884.093835826988	-10.3238116745571
7456.84481352140	21359.2588292883	932.248285804544	9.10719722957460
5919.32519235111	19039.6513329086	927.773936044069	12.7653309217253
25401.3466334090	18142.4718643013	874.176144677803	-5.24617711234424
8966.62250103888	10011.6711447772	867.766777674278	-0.280919506976945
5696.83210040520	30765.5657162021	1156.51324373470	4.13583055063914
21902.1962339083	32779.0062940348	1187.96684396390	-6.92736171801112
8776.16179126889	28217.3248684029	1228.86998862715	7.74183290474648
9204.23370030785	33917.9724489698	1303.76468071528	-7.79823497567580
29537.4842029271	18348.2222771281	883.357728730775	-6.64592239407641
13909.7289484753	3950.41272899033	1016.78346759342	-10.2072891624548
3660.25206910472	22758.2053601727	951.588213482443	8.21272353217532
6784.90052826760	6681.00887156108	858.661308097214	-5.52964159436683
12707.4645489454	29992.7542344561	1262.12260742048	-4.81431035946995
30608.6997084404	32999.8575361703	1261.18576596712	19.3197798688821
20991.9578900075	3620.64149017877	1181.11129195179	-9.84335648916757
9033.96395998311	10375.3631516113	868.849424961531	0.0321442223175114
12544.9672932966	27966.1910708351	1134.85094102689	-3.79059943283077
31063.9025933759	15460.0165728820	933.578861869711	7.02476202371075
31518.5706315450	17238.2196509116	908.896446599099	3.69119868359198
15678.3253811676	1033.06603226877	1201.31712394024	-11.8210384940522
9409.80096885955	20042.5184883679	920.951012697884	7.36548746148170
19383.5424457290	20036.1758210587	870.466874610235	1.30262873635830
6259.66602429183	25959.1979005234	1014.04459194098	2.88020327032095
30089.5788979256	2681.19470327138	1306.52178894473	17.0980185764177
8119.16728960714	27550.8263116022	1154.11588538124	6.34936429192809
5883.68438866744	6772.32482433678	858.252147722431	-4.22981840885279
935.300419604669	18582.4696466560	923.911318915380	21.0807972902559
11285.0807428941	32344.5423484568	1299.33227896288	0.356708737254698
19430.7593256504	34511.9762722644	1296.91853335347	7.04080194382691
28858.5018617246	34135.2689307867	1291.05354282206	5.84232216617775
28148.6639229108	10666.9099336048	1020.38889650245	15.6932654095380
854.287635907200	26377.3442587437	966.883937622141	20.0704459898352
13002.6938722951	7222.42903179933	851.221990219684	-12.2603759948647
17215.4456098788	30148.3249627203	1157.37418570657	-6.56605644222466
16311.8284574323	23024.5457114769	922.090463806067	2.04026206431878
1459.98301417015	3577.20145971740	827.095790171814	3.29053270182902
21595.0638856469	20316.2681299782	872.242927736724	-3.46395172379082
20231.1522127162	33722.0898200141	1228.04897604491	3.46846906110945
10458.3095945230	29570.5427199069	1265.81378984922	5.64992954907673
15248.3115617258	26358.7414553644	1016.16444487145	-0.995290135543527
4782.15613352366	24606.7434300112	945.568524276348	6.08833779216471
10490.2269007035	8631.82771564464	859.111855333306	-4.73210074017332
26648.1169100906	1397.95233869856	1381.26316433884	-2.23375113758818
1235.58854815115	16173.9613343156	908.585606649102	14.4916451842473
9432.50036784381	4108.08342136869	842.880262262613	-10.6452195789317
34869.3978754513	5656.69911145256	1206.97757478578	21.5653405228488
15643.1065116719	14691.4543946241	872.313746176333	-6.04813969552527
5347.47057208417	23314.0373800032	938.164183876293	6.94024821237355
31017.9863831471	34060.4038193697	1189.35880746469	20.4874769126612
1098.31329417887	9787.76527736935	870.239484069015	13.5319599258020
4061.22284849137	18598.7537763861	927.194060671413	17.9980173703521
8779.92650154573	32574.2430165942	1258.55736016793	1.55229092534228
26588.6230982762	5833.18421908010	1128.53387785081	16.8026301320049
31440.8368813896	27623.7406632595	896.087486819808	13.2152584913375
7819.71706235384	3603.78716410192	838.188891528075	-10.4272809329337
23565.4696483169	30926.7943425277	1114.04364151644	-5.03114247000327
28657.5032894660	18278.3164573343	881.177203391565	-6.39361523414847
33212.5431581880	34094.4245720164	1180.46258061424	17.9199720656680
30601.0364591913	26463.6468067217	891.714151914910	8.08596251621383
13780.7705871752	25289.9525741158	972.993181761340	1.41032936854464
32793.6810661215	91.0415896606481	1487.98473287869	5.61170925410952
15291.3501476070	7196.48045699402	940.107918624965	-11.6613543248439
5688.28753039622	9112.92160356616	871.030726874045	11.4598967906037
10843.7304266003	2798.41462126963	911.602482290521	-9.04192870443757
23838.8297823945	25736.4706684082	954.817663364773	-2.04118091559624
32691.9244412494	28792.7736268476	981.028129429095	21.1663295938406
33158.6231068415	12018.6722704920	1027.87203709177	22.3934372804483
20967.9087037395	4764.83347959076	1185.90010336720	-7.29013820015545
33210.5949045696	23306.1299421551	890.388348915634	-2.67221676231049
14140.6391006949	29065.4398722186	1189.78994870159	-6.53415175779379
1436.13554747948	23576.7304609465	951.939306604036	6.44398900386532
10283.8939435465	4881.06842728571	845.733764788723	-11.3369178043702
1117.88203534107	13258.9409381554	890.469282738231	8.16625610605462
30257.9538797554	23742.7029411477	887.189844012164	4.59978855219045
15139.1235143069	18057.3782336423	888.080139244248	5.49048280717634
3248.29891984871	34231.9381105753	1197.32023826584	-0.679325731394172
4822.70926396550	9370.36445295194	872.879858625116	13.7285230517766
8468.99196169359	30341.8675227516	1207.43059602420	6.53220004215618
7805.31649701124	13081.4203959795	885.720777094191	9.11751637546437
30370.9016727946	4782.06199900822	1240.75133187689	20.8895977061115
26746.1846267087	2894.20410890114	1285.61969703051	13.0551411534891
12065.0072066736	25858.8290389212	1019.41663340837	1.12777446124351
13467.3063024584	13022.3731543076	871.311823238835	-5.13292806630563
20820.2820558129	13318.0705060961	875.180883148284	-10.9330224070372
18729.2255399377	10576.0817694837	912.914395292352	-14.9066476094927
11674.4503556118	10308.3892289985	862.961722920485	0.172334832226098
29913.8901424305	9093.47479233452	1087.32444360229	14.8212867696132
9297.54047791725	16221.6255394289	897.374397048283	12.0321521278061
32687.9062778774	34574.8295916440	1167.27338645288	19.0921204735250
13644.1943732445	13477.6557568532	874.241647059576	-5.34029673509198
23907.2893090650	33013.1972243137	1215.21439892129	-6.14573797424792
9625.34273488050	5845.04194485743	849.593719411832	-11.9959677012754
978.520612292724	32375.1420710256	1104.38689445930	8.59447900572056
32921.4603630728	26401.8078652762	893.457215624848	8.52001040546542
18688.9614280387	29980.9802850151	1136.64626522362	-7.56896315954700
23491.0654095921	21083.5280847448	874.991370490414	-3.73544437853037
21263.7246522938	3757.83875494407	1211.73886621069	-10.4189274590241
26280.5642143919	15941.5290025373	879.751195116056	-8.64001302345256
34346.2740085336	22910.6398670717	892.430044662966	-3.94590552187483
25468.4378275474	2013.65922736489	1211.83944861523	-5.41981310669567
30006.2413619820	744.200689618573	1581.05175683948	5.08079920212906
34714.4993526604	10143.0609057165	1074.21235602617	21.6989762956797
26581.1140560024	32601.7590945588	1098.53316777850	-5.49986673050047
5111.43586941245	17990.6775109807	923.242466725465	16.8473522165286
11420.6839616845	30635.4450628878	1287.87295755613	1.51531457659254
1007.51367253830	13233.4829082917	890.206172683051	8.05403982489893
24309.2837679766	30957.9031840040	1114.26894822953	-4.67488032274689
33556.4922684615	18717.0854551855	905.895588498406	3.42407885307713
25516.6481406714	31241.0957355471	1087.99168213775	-4.69752993790179
25786.3972334469	3596.71993351402	1216.11013297149	6.98168388931460
6111.37215416127	7421.60414849563	860.197655395547	-1.83949662557826
12439.3341447586	24556.2008829390	959.760794244643	2.51969316039172
20112.7306803482	12647.2790354769	872.432603834498	-14.1905122110552
16098.0845586949	48.8500147815984	1250.34802673720	-13.2289506280018
29180.3677206577	13450.7918948789	966.653494498473	7.77138605813289
28540.5402032826	11205.0019337638	1011.08446959558	12.4303927453585
11338.3110460173	13767.0883907205	881.297296757315	2.60936693628982
16158.9573770916	6343.79281466992	977.751161713994	-11.4509301870518
23588.5726230863	7328.18523676634	1074.92884001255	-8.54497466021608
20832.9265704335	20780.3621536252	871.932722111422	-0.560463921181472
4703.55543962168	20806.3224486977	940.305853546394	14.3275218847317
682.212744550776	6036.45984929555	848.391382173812	9.08245195986086
4378.79582574696	32655.0548327005	1179.86838090418	-3.50490790602169
7814.66115632104	1967.58692317305	892.678222650344	-9.60838791092718
15719.8121937186	7060.34496100066	953.975668541967	-11.4325612669465
18708.6043821320	17788.8222741777	866.512796432624	-0.585836755962722
34663.6494254489	26572.5200855314	896.028345864617	3.92438417111790
25107.1515250622	5111.82321290961	1109.85660410298	2.47095618700239
34302.0118097040	32587.5545165815	1115.57581166693	12.3974411663401
1880.82292378429	14768.1822898502	900.502411782365	10.9841452344523
22290.5965167266	1977.45580866336	1315.05672064015	-13.0755294363711
33613.3665005665	23597.0153595830	891.676383264093	-0.692023716486216
9447.30855350991	9793.30562950735	865.234563886491	-0.0763240992722816
33229.2610654478	27303.0465140916	894.983344051576	15.6064601232974
31578.1991066607	33699.4425613154	1165.00795291117	19.8303275124383
6812.69467427882	24088.5692828482	954.060965262871	6.75507566303308
25688.3031332234	17444.7896071572	874.799036534800	-7.04926031607284
6120.14289643877	3466.13610176861	832.351869177250	-9.99508577079091
3679.93680225840	10071.2936559364	873.510296682456	16.7167034190910
10993.9433806717	18833.9298980200	908.290887251843	12.0890046955896
12206.7981200924	396.551798429155	1030.50429492086	-10.6244189028679
13963.6794643802	9899.52196013095	855.865628906717	-3.25323750574636
9937.11091445042	20634.9951736533	921.936397490111	7.61531964642903
10986.9169106785	6021.68391562332	848.020311232192	-12.8073674022613
25139.7928564837	5953.43578652196	1090.92118121135	1.12035870205080
33062.6355030498	23671.9977834562	890.530441895855	-0.394576914487111
3072.60706047210	19935.8050817334	935.097353990573	16.9310271563953
9783.70399782232	19308.4675415577	914.362852475468	9.95552432539138
20865.5712909011	33860.4344596231	1250.72147220268	0.776965448271271
28995.2105521053	21994.7665722059	882.771539334446	-2.28462185795634
27375.3388254833	11359.2401130334	985.542144097534	9.62223112927313
19503.3555448085	18235.5491803650	868.081636113939	-2.20610435576906
1269.67365903300	30272.7836630641	1061.78745618966	20.3658023796889
23428.0120980962	34793.7882175293	1300.97878721361	-1.12846075177782
29714.5974439276	29347.0880549332	983.406750982162	12.0204232006454
2291.26000447087	12158.9001776567	885.242268877719	12.9980693505929
12626.7970693300	26229.3457925447	1028.62917794657	0.422723427539105
9031.79370419496	32879.4491458252	1271.40508720852	-0.325785096082761
15140.8787894497	23382.8643554416	929.780317974581	2.84353838459639
10712.4817795468	16842.0951083310	899.711946047533	12.2628041845903
33830.6008807029	10015.7076950508	1083.41240562607	21.8469349463300
4547.65330650474	20830.4531959714	940.698118296696	13.8169078396849
7610.26551987934	11774.2500682062	882.538995891667	7.79156076002030
31268.7823570732	33584.2698611021	1203.54475550260	19.6797545022147
21759.7135780915	15472.6257601655	868.251225454102	-4.88819868938190
13935.6831988658	33669.8672962277	1377.96211063680	-1.43437997494661
12463.1282787306	23673.4267127420	941.476665112965	4.35789958730806
22630.0582142476	24712.7242865208	936.192848667586	-0.928269682491274
25658.1928940846	33519.2463603967	1194.54162449605	-5.53790184078010
25609.5383150343	32895.6928233874	1184.12578381431	-6.57541564615993
33536.1438181505	29181.5137205791	952.596847663184	18.1124903998028
1608.40585033174	5433.44622864897	851.189715632362	6.18437561952464
14852.6410043584	29065.1261142662	1162.90200162939	-6.39351390689249
315.611039696040	16244.9113039265	908.295856581419	17.7412455485826
24633.1815573511	10454.0949687300	981.631813245533	-15.7091087770767
27331.2328594909	18315.6861909450	877.814778244825	-3.60864667747855
19769.4082342910	29107.0652300380	1062.60694513102	-6.21553480733341
815.333254125382	18869.6323483297	925.050499846034	22.0569552714284
264.737100420381	9094.11508848364	864.882481505428	12.5914371423606
34613.9091152046	12391.3449148178	1015.73948535833	23.6492274979992
7057.65036546165	6535.83476256359	858.462295609215	-6.34617853606112
28816.8380085202	12272.9856938009	992.406832055499	11.1202212515786
12633.2594229807	6640.14872968026	847.408798473955	-12.7473317082182
16143.8543514749	29249.1828378136	1144.46529143383	-6.21057670509350
3851.57662407689	13445.2834459504	895.364779012218	8.29919795804791
27344.1578981904	332.490283346978	1500.91740186707	-4.04876909905037
15870.5246480830	10815.8643327682	857.085017344688	-4.65959640624263
10398.5857762501	29286.1531970983	1249.86108509594	4.97625818978853
12544.0131783020	9846.78874068864	861.888085946111	-2.37116524284860
16885.2613565116	27347.0159234827	1041.38299251558	-3.22859679817647
15092.8685919416	18602.9987235379	889.328607145845	7.84247945133799
24458.7893344590	5387.00804995200	1112.50152591697	-3.30326368891418
23627.3270814806	18383.8789455844	873.027210426184	-6.06443045527968
240.484713216630	9913.39257109881	869.403371337844	11.0931748116214
2764.64030881029	25020.3140078133	963.685827715653	7.41106303838888
16121.9317143148	25703.6249722114	990.880607172223	0.524920516061067
27213.7698508740	15737.2545072301	891.388764480097	-9.98403757932838
28586.7389170589	6372.71018944910	1142.97290730318	20.6330827711234
22098.5815415886	4743.91492426697	1198.34605440836	-9.32701308742132
12770.6638337569	9547.00647829173	860.036516042249	-4.22173598847544
31062.4348264508	22247.5227495803	885.890908977184	-2.89652797873789
8782.43892764496	28216.5771448784	1228.13415895724	8.05024280137948
2314.16620707296	23375.7062937604	952.756158992715	6.58855001538608
25450.2912677526	10030.6201554683	1002.23785905349	-9.47720955037982
26837.9136371307	4985.45469628525	1166.96155058469	19.2758425196041
31441.3997229654	8605.63323439413	1112.92523290191	20.1001525803168
26838.8903639464	24216.3954728926	884.926057197655	-6.42707717709355
33140.9207108455	2511.13952277400	1323.90568152001	16.3359040638216
18750.6630171072	17453.1306297319	866.155516295551	-1.12826794867227
33592.3272798507	34509.9222066033	1189.12661693815	18.1953856820937
34236.5916070577	31671.5226017151	1086.37583488148	11.0206488239525
18273.5067762090	20132.2694129441	893.242307510853	2.81261132634460
29587.6033183648	26828.1045888940	899.358496338330	8.36757100260117
31430.9277348194	26136.8606965352	890.628913799381	7.58952785403299
32593.0053476048	24336.5992440971	890.389542704408	2.38652197558982
16017.3870849557	23706.1037724505	933.595645655296	2.52129864859820
26570.6548905395	9883.99397130187	1016.97316939732	9.76150518135176
32857.8548250057	20365.3793080150	890.948058996170	-11.0995197092822
28374.5248849613	21660.5301810440	881.382704348603	-3.21003490915720
32563.7184420716	28498.3970893010	967.850706332611	20.9949320680758
15643.5054701446	559.547115392527	1206.87346713208	-12.6443903302733
29186.0123040632	7502.34113350038	1123.05807501614	19.9188993235894
34572.3393492264	34575.3575493006	1113.03977033950	16.1072823090906
12937.3800796049	28606.8038824471	1217.48347161487	-5.51670225557004
5976.84446706566	22122.8598756595	931.294872053200	10.6463182289925
28810.7893787845	23875.1606300799	885.752908377192	0.0767388490932338
20547.0045262570	28287.5888017328	1025.25077581225	-3.15318441310735
33656.4070062112	9788.17483642682	1089.86060048124	22.3215197681305
17119.5262064714	23273.9243768320	931.223950330291	1.84430672573851
8873.29731823980	1026.34393216932	946.702954747268	-8.66959972737709
23737.8444428837	19053.3053986712	873.629457035138	-4.27212364076870
32007.2123719104	18513.9586025533	901.584960256184	-2.52054063362818
21597.6176524698	30560.7497354045	1118.45258312486	-7.37603085080837
11287.4558710216	6566.29063370596	848.929109894067	-12.8500386530379
17167.9175479276	32601.1201153175	1297.42516364779	3.97103113627327
14260.9369852378	34172.3296572128	1395.54916955345	-1.45361724733411
2937.88682579296	11592.1549654756	883.553713732287	15.6804972320351
20718.5833564251	21829.8231947256	895.535969703416	0.689749566973928
30765.5417523685	18447.1251477102	889.447510085442	-5.10764399611785
19365.7751491687	16067.8532534682	865.031157569306	-1.93655763657243
10481.4873994635	12549.7968998190	876.920143072136	0.643191649204389
31395.2910488228	11699.4343008578	1026.82167951922	17.2034299523450
27800.7207179405	2911.83374607634	1270.62029663942	18.6850053669454
27153.4359404392	13664.0653938759	937.007606142766	-6.57608866229371
20963.8903766145	8377.03810806904	1043.28171873898	-12.2571218881989
19502.7358070704	17019.5196218740	868.205909846404	-2.09491139912057
10489.7671224354	24503.2761611158	980.066477729572	1.03756368044095
19168.0039051348	4804.46160304310	1122.46288103736	-8.67138113667878
34714.0440313836	28926.3568551837	899.728139116119	18.0680933312603
16919.4539665133	32551.8626835730	1311.67077733081	5.47499722601926
23967.0793663167	29005.5677410763	1046.08344426122	-2.45801691265428
16800.5890918554	16973.3466961956	878.774313079791	0.184253253805805
26128.2271193233	23091.9242383502	879.768019753703	-3.44122499214915
7399.78505903011	15974.0378669728	901.074959539068	9.26719007521520
8697.03542639799	14646.1718964610	888.178169389325	10.4520308729759
3424.36778503810	1200.36916999871	847.831396799688	-5.74429402676054
24803.4652079064	32439.6641214101	1184.75354549181	-6.33188993908464
29951.1071747625	1518.30194884661	1444.87024438199	13.4059801904701
27616.1987473157	16662.1034746789	881.394829246674	-9.31209112079383
25999.4892415746	13501.1707156829	924.971636603776	-11.2750007923905
3658.27403280751	18692.0416986307	927.826100064485	17.6109846520021
18230.6218242800	34935.8894949634	1427.41483568038	8.89898509512128
29632.1362860436	31586.5965904905	1141.66884174566	13.0710101339637
29526.4602727923	516.442442321118	1549.11009951238	1.37114881938794
13221.1554194833	27318.0225076318	1086.30150604039	-3.20336171107363
9523.33765116888	16985.1307645382	901.099239891633	12.8353296157429
4385.63735060284	13657.6917594011	896.832413289579	6.86817857319358
24197.3388757282	28808.1536701562	1039.45119094118	-2.45986007874790
19429.5907414193	30604.6140596741	1157.90035949008	-8.44202035066405
296.598117954586	34942.4609250223	1151.01137521536	9.10987680508828
14561.1132509121	6848.12062506461	932.759210810228	-12.1840218615380
15369.1371894014	30448.9121366292	1230.06014655354	-4.12465274358783
27452.6225755856	10762.2066521767	1006.53747305789	15.3016186211378
29049.9121889345	14393.2758679827	943.740896929427	0.207898581151433
20636.2253459166	28571.9069489466	1033.93796539400	-3.87285324617395
4972.59133950906	12888.9161600926	891.825023224750	11.7624721799054
20765.9684299026	14917.5398880291	867.343723810864	-3.36376454521098
25416.7479744537	3192.58836218722	1216.19581740245	2.63906644161664
14993.3125346794	23362.4363437434	929.547373126237	3.05454086415057
7377.72195951464	25595.7856393248	1016.32065986450	4.32801913970391
9288.44939414938	10528.6443404305	868.912814909663	-0.574292187902462
34761.4314324433	11829.9023264933	1030.51261794731	23.3379607554628
16826.4729327347	25701.2825932368	994.021883608938	0.328547528716610
28971.2546152564	34490.9817115016	1271.66877554349	4.02888375443877
21113.3393038008	24456.9854854100	936.109965595733	-0.781892229251801
28624.4588373823	3147.61344448680	1238.03348170056	18.6206141802447
33444.1509687445	16475.8134268314	924.211111461036	13.8600483084533
22763.2367686734	22237.7010798478	891.234457528839	-2.92101074728308
21967.6571194772	18384.4274318389	871.100698650628	-5.50320750790579
22629.7165956509	4946.88029035244	1189.99963821422	-8.53316039776535
2174.65950421019	9643.04186368996	870.774280872577	15.5730281066661
32836.8826057573	34548.5957072511	1174.08572408585	19.8272461135553
31455.0753158045	27824.9407750087	908.003668154622	13.3825360882517
24320.0707027125	32666.7218611043	1210.59854408989	-6.53134308791456
10864.2159930298	12193.0395551755	874.901393128506	-0.410489519557409
12024.0961970628	7319.67187833741	849.872632763265	-12.7833073290971
2668.03050972675	23812.7930023138	956.572004679582	5.97521337669968
18194.2929208690	12439.8327531834	862.104410683063	-12.2451830385399
21307.2062514177	15343.0601207173	867.246571268880	-4.00204224591588
25450.5986152060	31807.2362789726	1114.91159173263	-5.31839689047163
2.58767519688563	29175.6485811010	1012.62072609596	22.1469506915210
5941.81940787388	13698.4335412434	895.775841139035	7.46337602249929
16215.1858271196	25689.2684750032	991.083959460357	0.563877674729257
12664.8252945125	10173.1012273637	862.803811440057	-1.37087247514640
33322.2965093328	10224.7825562339	1077.89558114449	22.3652438960321
32626.7675718905	10387.8697084733	1069.39584944128	20.1495708936623
33532.4031279623	869.484758298185	1429.61604226038	8.57589463655457
7228.84471428849	32124.4634623223	1219.12841407353	3.01170008673321
5589.52569184286	24011.0542904529	947.102293792260	7.11985608525219
20011.6198460601	8199.72493034987	1033.06601947149	-11.8699804124378
20752.1717041905	17407.3424049358	868.018297364540	-4.37816429077441
24451.3762454741	27670.3542825831	1003.94963559000	-0.376703847385107
10703.4712428362	13308.1416274076	881.229081238733	2.96643398907609
13784.7969377418	7650.41944064649	885.404753671164	-11.8911546615398
11791.0039129788	25293.2847033717	993.488284898177	1.21949828763733
4514.75644411524	27049.1394974132	970.519716764689	4.53673193132925
3042.77246375222	24264.8929289224	959.586893596961	6.63221748200720
19213.0172082114	21688.6178148899	905.807743019522	1.21932960447638
11120.6635799290	26680.6064336793	1095.41032829759	0.399823581266045
34746.1651619494	17901.8103497582	915.053925991636	3.55513040034269
25324.7838704432	11529.1913445780	963.791724710356	-14.4411129814924
20023.5486537027	47.0421536910653	1272.75625246281	-15.1762887892203
25102.9510071254	20322.5417579005	877.467514435338	-0.265260769440122
34179.5729690918	6014.33241373965	1199.36058765252	22.5156956466374
14944.6695380784	6821.75272979847	940.985277505907	-11.9340268354940
31955.4819870658	5261.25279008452	1216.60594900087	21.5924599381646
31405.8938998414	17689.6903820134	904.283407893144	1.39460847495854
29232.9998616570	608.542372564356	1535.20629966230	3.94099972390993
1678.53599944609	16492.2783431505	910.857748348431	14.0836538138418
12574.8199294617	1612.71229446473	1057.55791092536	-9.66721353934766
10351.3863638078	15479.2837045083	892.647890668182	11.4810300981778
22019.3966380926	5724.57178649102	1155.42621101203	-5.89506306119527
4766.43305911279	20023.4984395315	935.565939870230	13.6955918878641
13091.6030447704	28641.2112958246	1210.89654424436	-5.65037444145916
30267.3594373438	2986.96932327127	1291.55114092785	18.2928737296172
8759.57571795209	8149.26326074154	859.332358442424	-1.02896258231554
1032.69525082695	8611.61113689510	863.426998689725	13.9222412289335
34980.7139986632	12317.6974645479	1015.81094365504	22.9602969911507
21179.9936278799	14317.9431790084	870.218683465972	-6.37372101899423
8546.82926738852	3998.50901721869	839.373968761802	-11.0992559697933
15336.8345043763	14252.5169941779	874.272203023210	-6.57183228615999
25728.2748501036	23657.5747895600	883.738793883727	-2.83177240898735
19529.6182283376	19005.8379262542	868.387203415086	-0.731404376593487
15341.8786336745	12499.5365476317	860.157532172927	-6.81283844894117
21123.9617267503	23155.7455736681	915.695012250452	0.575867749797689
6334.95850323742	23754.5976577302	952.947751182209	6.79281044521222
28307.5148683807	4604.60641046486	1175.14765759495	18.6316463424173
28667.0450436492	15386.6864041265	917.497153658686	-7.40141642621399
17053.2501409073	32801.8451433370	1321.10882112292	7.44713299322468
26426.7639064362	19957.8351200717	877.811085739695	0.557231170128962
14153.0386458198	20217.3751906641	898.136088724851	13.1048585441289
25398.6706528610	26761.0829608087	974.067535478133	-3.32715378941915
5390.30030342704	8643.30839691105	868.499921259703	8.52337268885274
17817.5647660472	24284.9399033104	957.976333975271	1.16268331239230
23381.2457739065	10320.2019140399	969.351172268355	-14.5227243294390
5340.14785165815	19974.5185792976	934.498604772511	12.1159565072500